1675250274895 0.012854040811719864 0
1675250279331 0.03229018049328076 1
1675250283895 0.040742731062725544 2
1675250288460 0.03372451421373608 3
1675250293328 0.04910416265584736 4
1675250297957 0.03708115881611738 5
1675250302449 0.04469261082083511 6
1675250313224 0.042362270506328105 7
1675250317449 0.04059317138258609 8
1675250321946 0.03847632049062844 9
1675250326250 0.042294592718647064 10
1675250330596 0.04212389921462023 11
1675250335166 0.034505015101307795 12
1675250339466 0.04805573232252904 13
1675250343890 0.037112465621617734 14
