1675250274892 65.2529296875 0
1675250279327 32.7920036315918 1
1675250283891 27.932762145996094 2
1675250288457 26.226318359375 3
1675250293325 26.945005416870117 4
1675250297954 25.53531837463379 5
1675250302445 25.38288688659668 6
1675250313220 25.590179443359375 7
1675250317445 25.516754150390625 8
1675250321942 25.31932258605957 9
1675250326246 25.23173713684082 10
1675250330593 25.185171127319336 11
1675250335163 25.50722312927246 12
1675250339463 26.014394760131836 13
1675250343886 25.29405403137207 14
