1675250274898 0.005193465847973403 0
1675250279334 0.005193465847973403 1
1675250283899 0.005193465847973403 2
1675250288462 0.005193465847973403 3
1675250293332 0.005193465847973403 4
1675250297959 0.005193465847973403 5
1675250302452 0.005193465847973403 6
1675250313226 0.005193465847973403 7
1675250317452 0.005193465847973403 8
1675250321949 0.005193465847973403 9
1675250326253 0.005193465847973403 10
1675250330600 0.005193465847973403 11
1675250335169 0.005193465847973403 12
1675250339468 0.005193465847973403 13
1675250343894 0.005193465847973403 14
