1675859662725 0.9999999434725346 0
1675859700157 0.9999996953090202 1
1675859739637 0.9999991291783943 2
1675859775094 0.9999983322702043 3
1675859805754 0.9999975729779007 4
1675859835307 0.9999963490026536 5
1675859866878 0.9999948006819475 6
1675860000561 0.9999917210295366 7
1675860049678 0.9999862797067344 8
1675860103597 0.9999819213767842 9
1675860162525 0.9999766653006394 10
1675860213356 0.9999681557250772 11
1675860275683 0.9999551944845994 12
1675860332052 0.9999413203104431 13
1675860373530 0.9999180484257848 14
