1675859662718 0.06535625673585736 0
1675859700143 0.06624280171096592 1
1675859739628 0.06621882588123189 2
1675859775085 0.06683058067068477 3
1675859805746 0.06702049405587297 4
1675859835298 0.06702049405587297 5
1675859866869 0.06673696697903714 6
1675860000549 0.0666119414056244 7
1675860049665 0.06569839515613819 8
1675860103581 0.06528164324476239 9
1675860162512 0.06710398569359662 10
1675860213343 0.06563998199999545 11
1675860275670 0.06176701648154179 12
1675860332038 0.06555456756947503 13
1675860373513 0.06471948039667735 14
