1675859662715 0.6929478645324707 0
1675859700136 0.6927362680435181 1
1675859739624 0.6924400925636292 2
1675859775080 0.6921047568321228 3
1675859805741 0.6918720006942749 4
1675859835293 0.6915989518165588 5
1675859866865 0.6913324594497681 6
1675860000542 0.6908312439918518 7
1675860049660 0.6901410818099976 8
1675860103574 0.6897094249725342 9
1675860162506 0.6892480850219727 10
1675860213337 0.6886395215988159 11
1675860275664 0.6877927780151367 12
1675860332031 0.6870165467262268 13
1675860373507 0.6859796047210693 14
