1675859662722 0.06752184025681929 0
1675859700150 0.06752184025681929 1
1675859739633 0.06752184025681929 2
1675859775089 0.06752184025681929 3
1675859805750 0.06752184025681929 4
1675859835303 0.06752184025681929 5
1675859866874 0.06752184025681929 6
1675860000554 0.06752184025681929 7
1675860049671 0.06752184025681929 8
1675860103588 0.06752184025681929 9
1675860162518 0.06752184025681929 10
1675860213350 0.06752184025681929 11
1675860275677 0.06752184025681929 12
1675860332044 0.06752184025681929 13
1675860373517 0.06752184025681929 14
