1673435233604 0.6852024793624878 0
1673435258509 0.6686168909072876 1
1673435282929 0.6307011842727661 2
1673435305745 0.59099942445755 3
1673435327630 0.5769557356834412 4
1673435350158 0.570124626159668 5
1673435373425 0.565782904624939 6
1673435395858 0.5622036457061768 7
1673435418955 0.5631109476089478 8
1673435441043 0.5620834827423096 9
1673435463785 0.5616672039031982 10
1673435486980 0.5613832473754883 11
1673435509025 0.5628662109375 12
1673435532184 0.5599756240844727 13
1673435554741 0.5585441589355469 14
