1675847731555 0.06624280171096592 0
1675847767974 0.06624280171096592 1
1675847804625 0.06420450599896421 2
1675847839202 0.06621882588123189 3
1675847873883 0.06683058067068477 4
1675847906252 0.06702049405587297 5
1675847939605 0.06702049405587297 6
1675847977909 0.06673696697903714 7
1675848014762 0.06673696697903714 8
1675848049272 0.0662575325595796 9
1675848086904 0.06584015869455612 10
1675848122019 0.0659067711118261 11
1675848157985 0.06724574923201453 12
1675848192201 0.06696490815707161 13
1675848227790 0.06176701648154179 14
1675848261200 0.06597889678833041 15
1675848295595 0.06507388924272216 16
1675848329489 0.06399887297702299 17
1675848364829 0.06471933914122888 18
1675848402615 0.06418321617112312 19
