1675847731552 0.6928567886352539 0
1675847767971 0.6927689909934998 1
1675847804618 0.692619264125824 2
1675847839198 0.6923912167549133 3
1675847873876 0.6920099854469299 4
1675847906248 0.6916429996490479 5
1675847939601 0.6916245818138123 6
1675847977904 0.6915490627288818 7
1675848014759 0.6914386749267578 8
1675848049266 0.6909971237182617 9
1675848086900 0.6903995871543884 10
1675848122013 0.6896938681602478 11
1675848157981 0.6891607642173767 12
1675848192195 0.6883407831192017 13
1675848227786 0.6874443888664246 14
1675848261195 0.6861576437950134 15
1675848295591 0.684706449508667 16
1675848329485 0.6829063892364502 17
1675848364825 0.6806749701499939 18
1675848402612 0.6775000691413879 19
