1675847731558 0.06752184025681929 0
1675847767977 0.06752184025681929 1
1675847804631 0.06752184025681929 2
1675847839205 0.06752184025681929 3
1675847873891 0.06752184025681929 4
1675847906257 0.06752184025681929 5
1675847939610 0.06752184025681929 6
1675847977913 0.06752184025681929 7
1675848014766 0.06752184025681929 8
1675848049278 0.06752184025681929 9
1675848086908 0.06752184025681929 10
1675848122025 0.06752184025681929 11
1675848157988 0.06752184025681929 12
1675848192208 0.06752184025681929 13
1675848227813 0.06752184025681929 14
1675848261205 0.06752184025681929 15
1675848295599 0.06752184025681929 16
1675848329493 0.06752184025681929 17
1675848364833 0.06752184025681929 18
1675848402618 0.06752184025681929 19
