1675763072567 0.0662575325595796 0
1675763091154 0.06526883518894547 1
1675763110157 0.06333096726697482 2
1675763128816 0.06507657524461506 3
1675763147479 0.06468476055937167 4
1675763166436 0.0649337090543503 5
1675763184842 0.06527137993538991 6
1675763202849 0.06595837016958545 7
1675763222345 0.0656244879422856 8
1675763240952 0.0660873825840402 9
1675763258816 0.06378747157669144 10
1675763277312 0.06422302550131768 11
1675763295881 0.0648883864649214 12
1675763314302 0.06226898463613577 13
1675763333111 0.06513057779337038 14
1675763351805 0.06406735125523598 15
1675763370784 0.06460251282894336 16
1675763388706 0.0647067292727142 17
1675763407368 0.06132580804223276 18
1675763426298 0.06294624919101179 19
1675763444902 0.06209552670505579 20
1675763463337 0.06302250296400658 21
1675763481803 0.06248940543854445 22
1675763500723 0.06299929034336871 23
1675763519664 0.06422523080501141 24
1675763538266 0.06247328942718694 25
1675763557192 0.06240240765797798 26
1675763575159 0.06263303483790537 27
1675763592743 0.06142128759482341 28
1675763612226 0.06183046219871966 29
1675763629686 0.06205922351770404 30
1675763647401 0.06198834174849509 31
1675763664928 0.06258157703559451 32
1675763682867 0.0610530249729686 33
1675763701193 0.0631740491135978 34
1675763719952 0.06114016400898354 35
1675763737885 0.06256628116518691 36
1675763755932 0.06237857308369244 37
1675763773946 0.06130652533078315 38
1675763792745 0.06262263027308443 39
1675763811611 0.06202685023954056 40
1675763830702 0.06201141311368449 41
1675763849256 0.0615678011833795 42
1675763868373 0.06115387652934508 43
1675763886836 0.061349161918319114 44
1675763904677 0.061345712707330045 45
1675763923219 0.059790922579422624 46
1675763941466 0.059219118375612785 47
1675763959827 0.060076315517201474 48
1675763978476 0.06125823422856439 49
1675763997294 0.05978113996824934 50
1675764016287 0.05947454152622411 51
1675764035482 0.059341938645331806 52
1675764053861 0.05995445664388084 53
1675764071473 0.057901769526016174 54
1675764089620 0.059407787853505645 55
1675764108032 0.05912426077666981 56
1675764126657 0.05926602431508773 57
1675764144902 0.059195142545878765 58
1675764163289 0.05982420032213074 59
1675764182379 0.058117100835535965 60
1675764202290 0.059772601264371394 61
1675764221236 0.05842494318485654 62
1675764240753 0.05898442003104866 63
1675764260707 0.05763800585882914 64
1675764280255 0.05740248737331511 65
1675764299460 0.05903112778322136 66
1675764317934 0.05841846852922384 67
1675764337447 0.058567187421473654 68
1675764357071 0.05816573138050544 69
1675764377256 0.05903319183146661 70
1675764396540 0.05668988102748573 71
1675764415956 0.05895914336216554 72
1675764434504 0.05752324359478888 73
1675764453781 0.055077497884385464 74
1675764472533 0.05812501758576624 75
1675764491462 0.05848652304109141 76
1675764509495 0.05865274310744254 77
1675764528455 0.05786801108510887 78
1675764547190 0.05735020943005433 79
