1675763072564 4404.044921875 0
1675763091151 4392.732421875 1
1675763110155 4381.1533203125 2
1675763128814 4369.408203125 3
1675763147476 4357.55078125 4
1675763166433 4346.77734375 5
1675763184838 4336.35302734375 6
1675763202844 4324.64892578125 7
1675763222341 4313.38818359375 8
1675763240948 4302.42919921875 9
1675763258814 4290.9111328125 10
1675763277309 4280.20947265625 11
1675763295878 4269.01708984375 12
1675763314298 4258.05029296875 13
1675763333109 4246.62646484375 14
1675763351802 4235.220703125 15
1675763370781 4223.0146484375 16
1675763388704 4212.095703125 17
1675763407365 4200.00537109375 18
1675763426294 4189.13232421875 19
1675763444898 4178.47509765625 20
1675763463335 4166.3125 21
1675763481800 4154.705078125 22
1675763500720 4144.35009765625 23
1675763519661 4134.107421875 24
1675763538262 4122.3076171875 25
1675763557189 4112.107421875 26
1675763575155 4100.6787109375 27
1675763592739 4090.214111328125 28
1675763612224 4079.760498046875 29
1675763629683 4069.004150390625 30
1675763647398 4057.822021484375 31
1675763664925 4047.0732421875 32
1675763682864 4037.008056640625 33
1675763701190 4026.806396484375 34
1675763719949 4016.53515625 35
1675763737881 4005.683837890625 36
1675763755930 3995.548095703125 37
1675763773943 3985.82763671875 38
1675763792742 3974.916015625 39
1675763811608 3964.227294921875 40
1675763830700 3954.4423828125 41
1675763849253 3943.7939453125 42
1675763868370 3933.293212890625 43
1675763886833 3922.6689453125 44
1675763904658 3912.421875 45
1675763923215 3902.997314453125 46
1675763941463 3892.621826171875 47
1675763959824 3882.38134765625 48
1675763978474 3872.263427734375 49
1675763997291 3862.702880859375 50
1675764016285 3852.502197265625 51
1675764035479 3843.1328125 52
1675764053858 3833.3701171875 53
1675764071470 3823.129150390625 54
1675764089617 3813.792236328125 55
1675764108030 3804.098876953125 56
1675764126654 3794.64794921875 57
1675764144899 3784.9140625 58
1675764163287 3775.162353515625 59
1675764182374 3765.685546875 60
1675764202288 3755.9580078125 61
1675764221233 3746.3583984375 62
1675764240750 3735.997314453125 63
1675764260703 3725.878173828125 64
1675764280251 3716.226318359375 65
1675764299457 3707.403076171875 66
1675764317931 3698.20166015625 67
1675764337444 3688.250244140625 68
1675764357065 3678.7353515625 69
1675764377252 3669.803955078125 70
1675764396537 3660.78271484375 71
1675764415953 3651.95654296875 72
1675764434501 3641.895751953125 73
1675764453778 3632.814208984375 74
1675764472530 3623.543212890625 75
1675764491458 3614.84619140625 76
1675764509492 3605.864990234375 77
1675764528451 3597.18359375 78
1675764547188 3588.001953125 79
