1675763072570 0.06752184025681929 0
1675763091156 0.06752184025681929 1
1675763110159 0.06752184025681929 2
1675763128819 0.06752184025681929 3
1675763147483 0.06752184025681929 4
1675763166440 0.06752184025681929 5
1675763184845 0.06752184025681929 6
1675763202852 0.06752184025681929 7
1675763222349 0.06752184025681929 8
1675763240954 0.06752184025681929 9
1675763258818 0.06752184025681929 10
1675763277315 0.06752184025681929 11
1675763295884 0.06752184025681929 12
1675763314305 0.06752184025681929 13
1675763333113 0.06752184025681929 14
1675763351808 0.06752184025681929 15
1675763370787 0.06752184025681929 16
1675763388708 0.06752184025681929 17
1675763407370 0.06752184025681929 18
1675763426301 0.06752184025681929 19
1675763444906 0.06752184025681929 20
1675763463340 0.06752184025681929 21
1675763481807 0.06752184025681929 22
1675763500727 0.06752184025681929 23
1675763519666 0.06752184025681929 24
1675763538270 0.06752184025681929 25
1675763557195 0.06752184025681929 26
1675763575161 0.06752184025681929 27
1675763592747 0.06752184025681929 28
1675763612229 0.06752184025681929 29
1675763629690 0.06752184025681929 30
1675763647405 0.06752184025681929 31
1675763664930 0.06752184025681929 32
1675763682869 0.06752184025681929 33
1675763701196 0.06752184025681929 34
1675763719955 0.06752184025681929 35
1675763737888 0.06752184025681929 36
1675763755935 0.06752184025681929 37
1675763773950 0.06752184025681929 38
1675763792748 0.06752184025681929 39
1675763811613 0.06752184025681929 40
1675763830706 0.06752184025681929 41
1675763849259 0.06752184025681929 42
1675763868377 0.06752184025681929 43
1675763886839 0.06752184025681929 44
1675763904680 0.06752184025681929 45
1675763923222 0.06752184025681929 46
1675763941469 0.06752184025681929 47
1675763959829 0.06752184025681929 48
1675763978479 0.06752184025681929 49
1675763997297 0.06752184025681929 50
1675764016290 0.06752184025681929 51
1675764035485 0.06752184025681929 52
1675764053865 0.06752184025681929 53
1675764071477 0.06752184025681929 54
1675764089622 0.06752184025681929 55
1675764108035 0.06752184025681929 56
1675764126660 0.06752184025681929 57
1675764144905 0.06752184025681929 58
1675764163292 0.06752184025681929 59
1675764182382 0.06752184025681929 60
1675764202292 0.06752184025681929 61
1675764221239 0.06752184025681929 62
1675764240755 0.06752184025681929 63
1675764260710 0.06752184025681929 64
1675764280257 0.06752184025681929 65
1675764299463 0.06752184025681929 66
1675764317936 0.06752184025681929 67
1675764337451 0.06752184025681929 68
1675764357075 0.06752184025681929 69
1675764377260 0.06752184025681929 70
1675764396542 0.06752184025681929 71
1675764415960 0.06752184025681929 72
1675764434507 0.06752184025681929 73
1675764453785 0.06752184025681929 74
1675764472537 0.06752184025681929 75
1675764491465 0.06752184025681929 76
1675764509498 0.06752184025681929 77
1675764528459 0.06752184025681929 78
1675764547193 0.06752184025681929 79
