1673436808453 0.690988302230835 0
1673436831258 0.6859848499298096 1
1673436854436 0.680233895778656 2
1673436880374 0.6723066568374634 3
1673436905943 0.6592575907707214 4
1673436929697 0.6376138925552368 5
1673436960139 0.606270968914032 6
1673436982904 0.5798995494842529 7
1673437004358 0.5621566772460938 8
1673437025543 0.5408669710159302 9
1673437047027 0.519616425037384 10
1673437067320 0.5370310544967651 11
1673437087260 0.5694839358329773 12
1673437109682 0.5157304406166077 13
1673437131227 0.5113875865936279 14
