1675249866378 0.010397325863921163 0
1675249883698 0.03038798268234966 1
1675249888421 0.038436013891027555 2
1675249893002 0.034939773930647476 3
1675249897407 0.039294345389412635 4
1675249901858 0.04078511142200349 5
1675249906241 0.04442834662319384 6
1675249910721 0.0318124846529572 7
1675249914887 0.04189856396764848 8
1675249918919 0.03412525091106424 9
1675249923327 0.0453657911848757 10
1675249927647 0.032801346872118935 11
1675249931979 0.04116982413153799 12
1675249936145 0.038725512913862996 13
1675249940367 0.04332955233675711 14
1675249944522 0.041167750499734965 15
1675249948942 0.04062954376045623 16
1675249953428 0.042515388401677214 17
1675249957524 0.04229954980357727 18
1675249962181 0.03983882852565169 19
1675249966762 0.0446129866660077 20
1675249971384 0.039834948233937066 21
1675249975844 0.04290607547247182 22
1675249980642 0.04055271085300283 23
1675249985218 0.04349267164710561 24
1675249989773 0.04498271075475225 25
1675249994136 0.04679736852969069 26
1675249998668 0.03638235775515393 27
1675250003147 0.04293697336291271 28
