1675249866375 66.17411041259766 0
1675249883695 33.51642990112305 1
1675249888418 27.729751586914062 2
1675249892999 26.210046768188477 3
1675249897404 25.686614990234375 4
1675249901856 25.486358642578125 5
1675249906238 26.147430419921875 6
1675249910718 25.616836547851562 7
1675249914884 25.466455459594727 8
1675249918916 25.221527099609375 9
1675249923324 25.45903968811035 10
1675249927645 25.297607421875 11
1675249931975 25.950658798217773 12
1675249936142 25.17975425720215 13
1675249940364 25.197769165039062 14
1675249944519 25.242393493652344 15
1675249948939 25.1002140045166 16
1675249953425 25.22962760925293 17
1675249957521 25.38196563720703 18
1675249962177 25.149492263793945 19
1675249966759 25.163612365722656 20
1675249971381 25.070547103881836 21
1675249975841 25.155893325805664 22
1675249980640 25.053361892700195 23
1675249985215 25.101613998413086 24
1675249989771 25.09342384338379 25
1675249994133 25.345367431640625 26
1675249998665 25.23526954650879 27
1675250003144 25.271072387695312 28
