1675249866381 0.005193465847973403 0
1675249883700 0.005193465847973403 1
1675249888424 0.005193465847973403 2
1675249893004 0.005193465847973403 3
1675249897410 0.005193465847973403 4
1675249901861 0.005193465847973403 5
1675249906244 0.005193465847973403 6
1675249910724 0.005193465847973403 7
1675249914889 0.005193465847973403 8
1675249918922 0.005193465847973403 9
1675249923330 0.005193465847973403 10
1675249927650 0.005193465847973403 11
1675249931981 0.005193465847973403 12
1675249936147 0.005193465847973403 13
1675249940370 0.005193465847973403 14
1675249944524 0.005193465847973403 15
1675249948945 0.005193465847973403 16
1675249953432 0.005193465847973403 17
1675249957526 0.005193465847973403 18
1675249962184 0.005193465847973403 19
1675249966765 0.005193465847973403 20
1675249971387 0.005193465847973403 21
1675249975847 0.005193465847973403 22
1675249980645 0.005193465847973403 23
1675249985220 0.005193465847973403 24
1675249989776 0.005193465847973403 25
1675249994139 0.005193465847973403 26
1675249998671 0.005193465847973403 27
1675250003149 0.005193465847973403 28
