1675838013731 0.06692050820802622 0
1675838020074 0.06692050820802622 1
1675838026697 0.06692050820802622 2
1675838032862 0.06692050820802622 3
1675838039071 0.06692050820802622 4
1675838045378 0.06692050820802622 5
1675838051575 0.06692050820802622 6
1675838057816 0.06692050820802622 7
1675838064290 0.06692050820802622 8
1675838070785 0.06692050820802622 9
1675838076999 0.06692050820802622 10
1675838083143 0.06692050820802622 11
1675838089328 0.06692050820802622 12
1675838095812 0.06692050820802622 13
1675838102415 0.06692050820802622 14
1675838108992 0.06692050820802622 15
1675838115160 0.06692050820802622 16
1675838121278 0.06692050820802622 17
1675838127441 0.06692050820802622 18
1675838133910 0.06692050820802622 19
1675838140886 0.06692050820802622 20
1675838147995 0.06692050820802622 21
1675838154336 0.06692050820802622 22
1675838160938 0.06692050820802622 23
1675838170205 0.06692050820802622 24
1675838175988 0.06692050820802622 25
1675838181703 0.06692050820802622 26
1675838188317 0.06692050820802622 27
1675838194388 0.06692050820802622 28
1675838200553 0.06692050820802622 29
1675838207401 0.06692050820802622 30
1675838214021 0.06692050820802622 31
1675838220548 0.06692050820802622 32
1675838227077 0.06692050820802622 33
1675838233532 0.06692050820802622 34
1675838239919 0.06692050820802622 35
1675838246468 0.06692050820802622 36
1675838253079 0.06692050820802622 37
1675838259529 0.06692050820802622 38
1675838266021 0.06692050820802622 39
1675838272163 0.06692050820802622 40
1675838278609 0.06692050820802622 41
1675838284776 0.06692050820802622 42
1675838290928 0.06692050820802622 43
1675838297103 0.06692050820802622 44
1675838303190 0.06692050820802622 45
1675838309290 0.06692050820802622 46
1675838315540 0.06692050820802622 47
1675838321901 0.06692050820802622 48
1675838328132 0.06692050820802622 49
1675838334231 0.06692050820802622 50
1675838340610 0.06692050820802622 51
1675838346645 0.06692050820802622 52
1675838352979 0.06692050820802622 53
1675838359046 0.06692050820802622 54
1675838365093 0.06692050820802622 55
1675838371188 0.06692050820802622 56
1675838376958 0.06692050820802622 57
1675838383071 0.06692050820802622 58
1675838388946 0.06692050820802622 59
1675838394798 0.06692050820802622 60
1675838400953 0.06692050820802622 61
1675838406733 0.06692050820802622 62
1675838412972 0.06692050820802622 63
1675838419024 0.06692050820802622 64
1675838424864 0.06692050820802622 65
1675838430891 0.06692050820802622 66
1675838436974 0.06692050820802622 67
1675838443349 0.06692050820802622 68
1675838449755 0.06692050820802622 69
1675838455984 0.06692050820802622 70
1675838461910 0.06692050820802622 71
1675838467981 0.06692050820802622 72
1675838473505 0.06692050820802622 73
1675838479685 0.06692050820802622 74
1675838486375 0.06692050820802622 75
1675838492588 0.06692050820802622 76
1675838499005 0.06692050820802622 77
1675838505160 0.06692050820802622 78
1675838511279 0.06692050820802622 79
