1675838013728 30.14409637451172 0
1675838020070 14.41064167022705 1
1675838026693 11.37374496459961 2
1675838032859 11.366958618164062 3
1675838039068 11.360546112060547 4
1675838045375 11.391294479370117 5
1675838051571 11.352083206176758 6
1675838057811 11.361715316772461 7
1675838064286 11.35749626159668 8
1675838070780 11.342889785766602 9
1675838076995 11.355669021606445 10
1675838083140 11.415535926818848 11
1675838089325 11.373732566833496 12
1675838095807 11.359355926513672 13
1675838102410 11.355392456054688 14
1675838108988 11.397150039672852 15
1675838115156 11.353031158447266 16
1675838121274 11.400854110717773 17
1675838127437 11.368120193481445 18
1675838133906 11.36707878112793 19
1675838140881 11.35932731628418 20
1675838147991 11.513163566589355 21
1675838154333 11.374984741210938 22
1675838160934 11.366317749023438 23
1675838170200 11.355766296386719 24
1675838175984 11.353270530700684 25
1675838181699 11.380712509155273 26
1675838188313 11.348495483398438 27
1675838194385 11.349506378173828 28
1675838200549 11.564794540405273 29
1675838207397 11.39936351776123 30
1675838214018 11.352424621582031 31
1675838220543 11.363578796386719 32
1675838227074 11.361549377441406 33
1675838233528 11.395099639892578 34
1675838239915 11.350215911865234 35
1675838246464 11.504132270812988 36
1675838253074 11.463896751403809 37
1675838259526 11.362323760986328 38
1675838266018 11.354814529418945 39
1675838272159 11.362451553344727 40
1675838278604 11.372282028198242 41
1675838284773 11.375265121459961 42
1675838290925 11.355440139770508 43
1675838297099 11.37846565246582 44
1675838303187 11.428818702697754 45
1675838309286 11.359926223754883 46
1675838315536 11.371106147766113 47
1675838321896 11.372013092041016 48
1675838328128 11.358041763305664 49
1675838334227 11.363590240478516 50
1675838340605 11.386628150939941 51
1675838346641 11.354320526123047 52
1675838352975 11.354785919189453 53
1675838359043 11.434540748596191 54
1675838365089 11.357715606689453 55
1675838371184 11.342048645019531 56
1675838376953 11.377046585083008 57
1675838383068 11.365381240844727 58
1675838388942 11.358931541442871 59
1675838394794 11.362510681152344 60
1675838400932 11.355504989624023 61
1675838406729 11.374151229858398 62
1675838412969 11.345568656921387 63
1675838419020 11.333195686340332 64
1675838424861 11.37384033203125 65
1675838430887 11.413290977478027 66
1675838436971 11.35556411743164 67
1675838443344 11.348623275756836 68
1675838449749 11.355192184448242 69
1675838455980 11.37402057647705 70
1675838461906 11.401607513427734 71
1675838467978 11.338552474975586 72
1675838473501 11.345884323120117 73
1675838479682 11.352441787719727 74
1675838486371 11.359090805053711 75
1675838492584 11.348962783813477 76
1675838499000 11.391437530517578 77
1675838505155 11.35521125793457 78
1675838511275 11.411445617675781 79
