1675838013735 0.003512777496517334 0
1675838020077 0.003512777496517334 1
1675838026701 0.003512777496517334 2
1675838032867 0.003512777496517334 3
1675838039075 0.003512777496517334 4
1675838045381 0.003512777496517334 5
1675838051579 0.003512777496517334 6
1675838057819 0.003512777496517334 7
1675838064294 0.003512777496517334 8
1675838070789 0.003512777496517334 9
1675838077003 0.003512777496517334 10
1675838083147 0.003512777496517334 11
1675838089332 0.003512777496517334 12
1675838095817 0.003512777496517334 13
1675838102419 0.003512777496517334 14
1675838108996 0.003512777496517334 15
1675838115164 0.003512777496517334 16
1675838121282 0.003512777496517334 17
1675838127444 0.003512777496517334 18
1675838133934 0.003512777496517334 19
1675838140890 0.003512777496517334 20
1675838147999 0.003512777496517334 21
1675838154340 0.003512777496517334 22
1675838160942 0.003512777496517334 23
1675838170209 0.003512777496517334 24
1675838175991 0.003512777496517334 25
1675838181706 0.003512777496517334 26
1675838188320 0.003512777496517334 27
1675838194392 0.003512777496517334 28
1675838200557 0.003512777496517334 29
1675838207405 0.003512777496517334 30
1675838214024 0.003512777496517334 31
1675838220552 0.003512777496517334 32
1675838227082 0.003512777496517334 33
1675838233535 0.003512777496517334 34
1675838239922 0.003512777496517334 35
1675838246471 0.003512777496517334 36
1675838253083 0.003512777496517334 37
1675838259534 0.003512777496517334 38
1675838266024 0.003512777496517334 39
1675838272166 0.003512777496517334 40
1675838278613 0.003512777496517334 41
1675838284779 0.003512777496517334 42
1675838290932 0.003512777496517334 43
1675838297107 0.003512777496517334 44
1675838303194 0.003512777496517334 45
1675838309294 0.003512777496517334 46
1675838315544 0.003512777496517334 47
1675838321906 0.003512777496517334 48
1675838328135 0.003512777496517334 49
1675838334235 0.003512777496517334 50
1675838340613 0.003512777496517334 51
1675838346649 0.003512777496517334 52
1675838352983 0.003512777496517334 53
1675838359050 0.003512777496517334 54
1675838365097 0.003512777496517334 55
1675838371192 0.003512777496517334 56
1675838376962 0.003512777496517334 57
1675838383074 0.003512777496517334 58
1675838388951 0.003512777496517334 59
1675838394802 0.003512777496517334 60
1675838400996 0.003512777496517334 61
1675838406737 0.003512777496517334 62
1675838412976 0.003512777496517334 63
1675838419027 0.003512777496517334 64
1675838424866 0.003512777496517334 65
1675838430896 0.003512777496517334 66
1675838436977 0.003512777496517334 67
1675838443354 0.003512777496517334 68
1675838449760 0.003512777496517334 69
1675838455988 0.003512777496517334 70
1675838461913 0.003512777496517334 71
1675838467985 0.003512777496517334 72
1675838473508 0.003512777496517334 73
1675838479689 0.003512777496517334 74
1675838486379 0.003512777496517334 75
1675838492592 0.003512777496517334 76
1675838499010 0.003512777496517334 77
1675838505164 0.003512777496517334 78
1675838511283 0.003512777496517334 79
