1675250465595 0.009557627312102268 0
1675250469921 0.032047498606711584 1
1675250474382 0.039345497511903166 2
1675250478858 0.03985296510155066 3
1675250483270 0.03689790612952923 4
1675250487531 0.03972716403531295 5
1675250491821 0.0399713198704196 6
1675250496089 0.03763289528038186 7
1675250500314 0.0339530044671983 8
1675250504684 0.044452486921437016 9
1675250509101 0.032174345178458366 10
1675250513395 0.042180021483648994 11
1675250517667 0.03623185654474829 12
1675250521723 0.046664321492876935 13
1675250525957 0.039844554118674075 14
