1675250465592 68.96888732910156 0
1675250469919 32.922882080078125 1
1675250474379 28.167905807495117 2
1675250478855 26.09075164794922 3
1675250483267 25.806596755981445 4
1675250487529 25.82060432434082 5
1675250491818 25.912012100219727 6
1675250496086 25.55025291442871 7
1675250500312 25.673551559448242 8
1675250504680 25.47417640686035 9
1675250509098 25.6387996673584 10
1675250513392 25.537202835083008 11
1675250517665 25.609731674194336 12
1675250521721 25.616579055786133 13
1675250525954 25.53899574279785 14
