1675250465598 0.005193465847973403 0
1675250469923 0.005193465847973403 1
1675250474385 0.005193465847973403 2
1675250478861 0.005193465847973403 3
1675250483272 0.005193465847973403 4
1675250487534 0.005193465847973403 5
1675250491823 0.005193465847973403 6
1675250496092 0.005193465847973403 7
1675250500316 0.005193465847973403 8
1675250504687 0.005193465847973403 9
1675250509104 0.005193465847973403 10
1675250513398 0.005193465847973403 11
1675250517669 0.005193465847973403 12
1675250521727 0.005193465847973403 13
1675250525959 0.005193465847973403 14
