1675793521527 0.016129032258064516 0
1675793521691 0.016129032258064516 1
1675793521952 0.016129032258064516 2
1675793522146 0.016129032258064516 3
1675793522319 0.016129032258064516 4
1675793522488 0.016129032258064516 5
1675793522652 0.016129032258064516 6
1675793522812 0.016129032258064516 7
1675793523021 0.016129032258064516 8
1675793523246 0.016129032258064516 9
1675793523442 0.016129032258064516 10
1675793523691 0.016129032258064516 11
1675793523949 0.016129032258064516 12
1675793524169 0.016129032258064516 13
1675793524340 0.016129032258064516 14
1675793524501 0.016129032258064516 15
1675793524656 0.016129032258064516 16
1675793524855 0.016129032258064516 17
1675793525056 0.016129032258064516 18
1675793525261 0.016129032258064516 19
1675793525480 0.016129032258064516 20
1675793525710 0.016129032258064516 21
1675793525928 0.016129032258064516 22
1675793526126 0.016129032258064516 23
1675793526299 0.016129032258064516 24
1675793526452 0.016129032258064516 25
1675793526603 0.016129032258064516 26
1675793526758 0.016129032258064516 27
1675793526946 0.016129032258064516 28
1675793527187 0.016129032258064516 29
1675793527352 0.016129032258064516 30
1675793527508 0.016129032258064516 31
1675793527669 0.016129032258064516 32
1675793527848 0.016129032258064516 33
1675793528058 0.016129032258064516 34
1675793528262 0.016129032258064516 35
1675793528463 0.016129032258064516 36
1675793528707 0.016129032258064516 37
1675793529059 0.016129032258064516 38
1675793529247 0.016129032258064516 39
1675793529399 0.016129032258064516 40
1675793529551 0.016129032258064516 41
1675793529707 0.016129032258064516 42
1675793529915 0.016129032258064516 43
1675793530117 0.016129032258064516 44
1675793530349 0.016129032258064516 45
1675793530605 0.016129032258064516 46
1675793530864 0.016129032258064516 47
1675793531131 0.016129032258064516 48
1675793531330 0.016129032258064516 49
1675793531510 0.016129032258064516 50
1675793531691 0.016129032258064516 51
1675793531914 0.016129032258064516 52
1675793532109 0.016129032258064516 53
1675793532289 0.016129032258064516 54
1675793532452 0.016129032258064516 55
1675793532606 0.016129032258064516 56
1675793532842 0.016129032258064516 57
1675793533035 0.016129032258064516 58
1675793533248 0.016129032258064516 59
1675793533450 0.016129032258064516 60
1675793533746 0.016129032258064516 61
1675793534044 0.016129032258064516 62
1675793534283 0.016129032258064516 63
1675793534516 0.016129032258064516 64
1675793534705 0.016129032258064516 65
1675793534976 0.016129032258064516 66
1675793535193 0.016129032258064516 67
1675793535403 0.016129032258064516 68
1675793535644 0.016129032258064516 69
1675793535898 0.016129032258064516 70
1675793536130 0.016129032258064516 71
1675793536324 0.016129032258064516 72
1675793536493 0.016129032258064516 73
1675793536665 0.016129032258064516 74
1675793536854 0.016129032258064516 75
1675793537067 0.016129032258064516 76
1675793537264 0.016129032258064516 77
1675793537451 0.016129032258064516 78
1675793537661 0.016129032258064516 79
