1675793521522 20.794044494628906 0
1675793521687 20.79327964782715 1
1675793521933 20.79250144958496 2
1675793522140 20.791473388671875 3
1675793522316 20.79038429260254 4
1675793522484 20.789310455322266 5
1675793522648 20.788110733032227 6
1675793522808 20.78691291809082 7
1675793523016 20.785669326782227 8
1675793523241 20.78432273864746 9
1675793523436 20.782913208007812 10
1675793523683 20.781442642211914 11
1675793523942 20.7799072265625 12
1675793524165 20.7783145904541 13
1675793524335 20.776639938354492 14
1675793524498 20.774900436401367 15
1675793524653 20.773086547851562 16
1675793524849 20.771194458007812 17
1675793525052 20.76923942565918 18
1675793525257 20.767192840576172 19
1675793525473 20.765064239501953 20
1675793525706 20.7628231048584 21
1675793525923 20.760496139526367 22
1675793526121 20.758066177368164 23
1675793526295 20.755531311035156 24
1675793526448 20.75287437438965 25
1675793526601 20.75010108947754 26
1675793526754 20.747207641601562 27
1675793526941 20.744173049926758 28
1675793527182 20.741004943847656 29
1675793527349 20.737701416015625 30
1675793527504 20.734249114990234 31
1675793527664 20.730632781982422 32
1675793527843 20.72681999206543 33
1675793528054 20.722810745239258 34
1675793528257 20.718608856201172 35
1675793528458 20.71421241760254 36
1675793528701 20.70960235595703 37
1675793529053 20.70478057861328 38
1675793529242 20.699748992919922 39
1675793529396 20.694486618041992 40
1675793529548 20.68897819519043 41
1675793529703 20.683229446411133 42
1675793529911 20.67721939086914 43
1675793530113 20.670944213867188 44
1675793530344 20.66438102722168 45
1675793530600 20.65756607055664 46
1675793530859 20.65041160583496 47
1675793531125 20.642961502075195 48
1675793531326 20.63519287109375 49
1675793531507 20.627065658569336 50
1675793531686 20.618587493896484 51
1675793531910 20.60976791381836 52
1675793532105 20.60055923461914 53
1675793532285 20.590938568115234 54
1675793532448 20.580951690673828 55
1675793532602 20.570507049560547 56
1675793532835 20.55960464477539 57
1675793533030 20.54829978942871 58
1675793533242 20.536544799804688 59
1675793533445 20.524351119995117 60
1675793533736 20.51168441772461 61
1675793534037 20.498546600341797 62
1675793534278 20.484899520874023 63
1675793534512 20.470720291137695 64
1675793534699 20.455902099609375 65
1675793534969 20.440505981445312 66
1675793535188 20.424421310424805 67
1675793535399 20.407711029052734 68
1675793535637 20.390621185302734 69
1675793535891 20.373207092285156 70
1675793536125 20.355262756347656 71
1675793536320 20.33673095703125 72
1675793536488 20.317567825317383 73
1675793536661 20.297767639160156 74
1675793536850 20.277372360229492 75
1675793537063 20.25623321533203 76
1675793537261 20.234281539916992 77
1675793537446 20.211423873901367 78
1675793537656 20.187923431396484 79
