1675793521531 0.0 0
1675793521695 0.0 1
1675793521956 0.0 2
1675793522151 0.0 3
1675793522324 0.0 4
1675793522491 0.0 5
1675793522654 0.0 6
1675793522816 0.0 7
1675793523027 0.0 8
1675793523251 0.0 9
1675793523449 0.0 10
1675793523696 0.0 11
1675793523955 0.0 12
1675793524174 0.0 13
1675793524344 0.0 14
1675793524504 0.0 15
1675793524659 0.0 16
1675793524860 0.0 17
1675793525061 0.0 18
1675793525266 0.0 19
1675793525488 0.0 20
1675793525714 0.0 21
1675793525933 0.0 22
1675793526130 0.0 23
1675793526302 0.0 24
1675793526455 0.0 25
1675793526606 0.0 26
1675793526761 0.0 27
1675793526951 0.0 28
1675793527195 0.0 29
1675793527355 0.0 30
1675793527510 0.0 31
1675793527675 0.0 32
1675793527855 0.0 33
1675793528063 0.0 34
1675793528267 0.0 35
1675793528466 0.0 36
1675793528712 0.0 37
1675793529063 0.0 38
1675793529251 0.0 39
1675793529402 0.0 40
1675793529554 0.0 41
1675793529711 0.0 42
1675793529920 0.0 43
1675793530123 0.0 44
1675793530354 0.0 45
1675793530611 0.0 46
1675793530868 0.0 47
1675793531136 0.0 48
1675793531335 0.0 49
1675793531514 0.0 50
1675793531696 0.0 51
1675793531918 0.0 52
1675793532113 0.0 53
1675793532293 0.0 54
1675793532455 0.0 55
1675793532610 0.0 56
1675793532846 0.0 57
1675793533040 0.0 58
1675793533254 0.0 59
1675793533454 0.0 60
1675793533756 0.0 61
1675793534051 0.0 62
1675793534289 0.0 63
1675793534520 0.0 64
1675793534711 0.0 65
1675793534982 0.0 66
1675793535198 0.0 67
1675793535408 0.0 68
1675793535650 0.0 69
1675793535903 0.0 70
1675793536135 0.0 71
1675793536329 0.0 72
1675793536496 0.0 73
1675793536668 0.0 74
1675793536858 0.0 75
1675793537076 0.0 76
1675793537267 0.0 77
1675793537457 0.0 78
1675793537665 0.0 79
