1675755029485 0.0026020892687559356 0
1675755032428 0.0037813977651376027 1
1675755035500 0.00416048127813736 2
1675755038501 0.003919281561557985 3
1675755041517 0.002373672698875951 4
1675755044458 0.002797813448219952 5
1675755047443 0.00344066369223602 6
1675755053039 0.0037389215069840932 7
1675755055927 0.003415097398837237 8
1675755058788 0.002780176763916601 9
1675755061618 0.003512777496517334 10
1675755064544 0.003512777496517334 11
1675755067332 0.0022357889024555693 12
1675755070173 0.002925340242413413 13
1675755073073 0.0036363878717000364 14
1675755075990 0.004178021820612286 15
1675755078878 0.002541976326299075 16
1675755081754 0.0047578559850380685 17
1675755084706 0.002739973065176317 18
1675755087584 0.003427880545536628 19
1675755090391 0.005107931900384731 20
1675755093268 0.003226884527697536 21
1675755096246 0.0049910299506935865 22
1675755099137 0.00422789512987396 23
1675755102007 0.004180775733161069 24
1675755104873 0.0037742716681204175 25
1675755107852 0.0053739794876065386 26
1675755110627 0.004257588241328078 27
1675755113472 0.00397226840699766 28
1675755116311 0.002757609749479668 29
1675755119223 0.002541976326299075 30
1675755122104 0.003821391064833311 31
1675755125005 0.006941053593818589 32
1675755127893 0.0058585738260535005 33
1675755130789 0.003944847854956768 34
1675755133673 0.003585044885857894 35
1675755136455 0.004383415610597694 36
1675755139340 0.0027929599106159926 37
1675755142239 0.0022909927419821575 38
1675755145204 0.004259002352582234 39
1675755148140 0.004598748911793051 40
1675755151048 0.0056259505856142205 41
1675755153952 0.0044267328455159785 42
1675755156799 0.004602162569956287 43
1675755159653 0.00552153289454831 44
1675755162586 0.00638670159793756 45
1675755165486 0.004453312420792096 46
1675755168378 0.004863472110701363 47
1675755171262 0.006203030837491222 48
1675755174191 0.004147698131437969 49
1675755177040 0.003941587781852777 50
1675755179903 0.006525867431947313 51
1675755182703 0.006099454123190086 52
1675755185580 0.008016062056058182 53
1675755188486 0.005186339750956217 54
1675755191383 0.0056179835118322615 55
1675755194324 0.007715909793229512 56
1675755197444 0.006464766975799686 57
1675755200351 0.0070809891583088775 58
1675755203229 0.005066679952398621 59
1675755206061 0.006744158625848262 60
1675755208892 0.006491531181933811 61
1675755211740 0.008247646917688336 62
1675755214663 0.007547382888192023 63
1675755217613 0.004433444563331777 64
1675755220506 0.004283959243622879 65
1675755223383 0.006110971521624574 66
1675755226313 0.007617069299341848 67
1675755229199 0.00780073517375059 68
1675755231935 0.007217229095131725 69
1675755234708 0.008969500452355913 70
1675755237456 0.00541798534814143 71
1675755240204 0.0059426678942014486 72
1675755242900 0.005370113463693344 73
1675755245632 0.006424321310354021 74
1675755248390 0.007649879006948303 75
1675755251105 0.007637915661651624 76
1675755253803 0.008262309419961627 77
1675755256518 0.007311575335311298 78
1675755259285 0.008009110090216815 79
1675755262068 0.007511422127879791 80
1675755264925 0.007780729788205588 81
1675755267778 0.00988632425531064 82
1675755270734 0.009442852096947394 83
1675755273575 0.007165179368285251 84
1675755276468 0.009531200692639909 85
1675755279446 0.008318342487911785 86
1675755282178 0.007654615227361775 87
1675755285019 0.007385994958741506 88
1675755287861 0.008647025355732595 89
1675755291645 0.007288499491919417 90
1675755294752 0.00812446314006902 91
1675755297828 0.008274725131008263 92
1675755300940 0.007421855640907643 93
1675755304061 0.009331291017978659 94
1675755307135 0.008845357198711507 95
1675755310162 0.007687692829084875 96
1675755313787 0.009122647345800398 97
1675755316816 0.009916142969700531 98
1675755319960 0.00819747955454885 99
