1675755029482 198.870849609375 0
1675755032426 196.83009338378906 1
1675755035497 194.80389404296875 2
1675755038498 192.79885864257812 3
1675755041514 190.82557678222656 4
1675755044455 188.85946655273438 5
1675755047440 186.91590881347656 6
1675755053035 185.00473022460938 7
1675755055924 183.1119384765625 8
1675755058785 181.24110412597656 9
1675755061616 179.39059448242188 10
1675755064541 177.5622100830078 11
1675755067329 175.75924682617188 12
1675755070170 173.96302795410156 13
1675755073070 172.2045135498047 14
1675755075987 170.4770050048828 15
1675755078876 168.75790405273438 16
1675755081752 167.07318115234375 17
1675755084702 165.42474365234375 18
1675755087580 163.76931762695312 19
1675755090389 162.13441467285156 20
1675755093265 160.5374298095703 21
1675755096242 158.95071411132812 22
1675755099133 157.38853454589844 23
1675755102004 155.84596252441406 24
1675755104869 154.32403564453125 25
1675755107848 152.82176208496094 26
1675755110625 151.3415069580078 27
1675755113469 149.8706817626953 28
1675755116309 148.43252563476562 29
1675755119219 147.0098876953125 30
1675755122101 145.61328125 31
1675755125002 144.22218322753906 32
1675755127889 142.853271484375 33
1675755130787 141.502197265625 34
1675755133670 140.170166015625 35
1675755136453 138.85122680664062 36
1675755139337 137.5650634765625 37
1675755142235 136.296875 38
1675755145201 135.03721618652344 39
1675755148136 133.7890625 40
1675755151045 132.56460571289062 41
1675755153948 131.35943603515625 42
1675755156796 130.16571044921875 43
1675755159650 128.98960876464844 44
1675755162583 127.82049560546875 45
1675755165483 126.67062377929688 46
1675755168374 125.54164123535156 47
1675755171260 124.42395782470703 48
1675755174189 123.33064270019531 49
1675755177036 122.24980926513672 50
1675755179899 121.18476104736328 51
1675755182699 120.1220703125 52
1675755185577 119.08638763427734 53
1675755188483 118.05587768554688 54
1675755191380 117.04286193847656 55
1675755194320 116.04742431640625 56
1675755197440 115.06388092041016 57
1675755200349 114.08808135986328 58
1675755203226 113.13353729248047 59
1675755206059 112.18583679199219 60
1675755208889 111.25930786132812 61
1675755211736 110.3348388671875 62
1675755214661 109.42045593261719 63
1675755217610 108.53203582763672 64
1675755220504 107.64804077148438 65
1675755223380 106.77459716796875 66
1675755226309 105.91616821289062 67
1675755229196 105.0731201171875 68
1675755231932 104.23161315917969 69
1675755234705 103.40579223632812 70
1675755237453 102.59430694580078 71
1675755240202 101.79230499267578 72
1675755242897 101.00390625 73
1675755245630 100.21627807617188 74
1675755248387 99.4507064819336 75
1675755251103 98.69097900390625 76
1675755253800 97.93953704833984 77
1675755256516 97.20401000976562 78
1675755259282 96.4703369140625 79
1675755262066 95.74884796142578 80
1675755264922 95.04157257080078 81
1675755267775 94.34030151367188 82
1675755270731 93.64729309082031 83
1675755273571 92.96526336669922 84
1675755276465 92.2916259765625 85
1675755279443 91.62603759765625 86
1675755282174 90.97222137451172 87
1675755285017 90.3270263671875 88
1675755287858 89.68937683105469 89
1675755291641 89.0570297241211 90
1675755294749 88.44174194335938 91
1675755297825 87.82632446289062 92
1675755300937 87.22175598144531 93
1675755304058 86.6247329711914 94
1675755307132 86.0378189086914 95
1675755310158 85.4560546875 96
1675755313784 84.87930297851562 97
1675755316813 84.31263732910156 98
1675755319958 83.75525665283203 99
