1675755029488 0.003512777496517334 0
1675755032430 0.003512777496517334 1
1675755035503 0.003512777496517334 2
1675755038504 0.003512777496517334 3
1675755041520 0.003512777496517334 4
1675755044461 0.003512777496517334 5
1675755047446 0.003512777496517334 6
1675755053042 0.003512777496517334 7
1675755055930 0.003512777496517334 8
1675755058791 0.003512777496517334 9
1675755061620 0.003512777496517334 10
1675755064547 0.003512777496517334 11
1675755067334 0.003512777496517334 12
1675755070176 0.003512777496517334 13
1675755073075 0.003512777496517334 14
1675755075993 0.003512777496517334 15
1675755078881 0.003512777496517334 16
1675755081756 0.003512777496517334 17
1675755084708 0.003512777496517334 18
1675755087586 0.003512777496517334 19
1675755090394 0.003512777496517334 20
1675755093272 0.003512777496517334 21
1675755096249 0.003512777496517334 22
1675755099140 0.003512777496517334 23
1675755102009 0.003512777496517334 24
1675755104876 0.003512777496517334 25
1675755107855 0.003512777496517334 26
1675755110629 0.003512777496517334 27
1675755113474 0.003512777496517334 28
1675755116313 0.003512777496517334 29
1675755119226 0.003512777496517334 30
1675755122106 0.003512777496517334 31
1675755125007 0.003512777496517334 32
1675755127897 0.003512777496517334 33
1675755130792 0.003512777496517334 34
1675755133676 0.003512777496517334 35
1675755136458 0.003512777496517334 36
1675755139343 0.003512777496517334 37
1675755142243 0.003512777496517334 38
1675755145207 0.003512777496517334 39
1675755148143 0.003512777496517334 40
1675755151051 0.003512777496517334 41
1675755153954 0.003512777496517334 42
1675755156802 0.003512777496517334 43
1675755159655 0.003512777496517334 44
1675755162590 0.003512777496517334 45
1675755165489 0.003512777496517334 46
1675755168382 0.003512777496517334 47
1675755171264 0.003512777496517334 48
1675755174194 0.003512777496517334 49
1675755177043 0.003512777496517334 50
1675755179905 0.003512777496517334 51
1675755182706 0.003512777496517334 52
1675755185583 0.003512777496517334 53
1675755188490 0.003512777496517334 54
1675755191387 0.003512777496517334 55
1675755194329 0.003512777496517334 56
1675755197447 0.003512777496517334 57
1675755200354 0.003512777496517334 58
1675755203231 0.003512777496517334 59
1675755206063 0.003512777496517334 60
1675755208895 0.003512777496517334 61
1675755211742 0.003512777496517334 62
1675755214665 0.003512777496517334 63
1675755217617 0.003512777496517334 64
1675755220508 0.003512777496517334 65
1675755223386 0.003512777496517334 66
1675755226315 0.003512777496517334 67
1675755229202 0.003512777496517334 68
1675755231938 0.003512777496517334 69
1675755234710 0.003512777496517334 70
1675755237458 0.003512777496517334 71
1675755240206 0.003512777496517334 72
1675755242902 0.003512777496517334 73
1675755245635 0.003512777496517334 74
1675755248392 0.003512777496517334 75
1675755251108 0.003512777496517334 76
1675755253805 0.003512777496517334 77
1675755256521 0.003512777496517334 78
1675755259287 0.003512777496517334 79
1675755262071 0.003512777496517334 80
1675755264927 0.003512777496517334 81
1675755267781 0.003512777496517334 82
1675755270736 0.003512777496517334 83
1675755273577 0.003512777496517334 84
1675755276471 0.003512777496517334 85
1675755279448 0.003512777496517334 86
1675755282180 0.003512777496517334 87
1675755285022 0.003512777496517334 88
1675755287863 0.003512777496517334 89
1675755291649 0.003512777496517334 90
1675755294756 0.003512777496517334 91
1675755297832 0.003512777496517334 92
1675755300943 0.003512777496517334 93
1675755304064 0.003512777496517334 94
1675755307139 0.003512777496517334 95
1675755310165 0.003512777496517334 96
1675755313791 0.003512777496517334 97
1675755316818 0.003512777496517334 98
1675755319962 0.003512777496517334 99
