1675249583315 0.0 0
1675249594170 0.000641025641025641 1
1675249598669 0.0042803970223325065 2
1675249603185 0.0038461538461538464 3
1675249607657 0.0038461538461538464 4
1675249612105 0.001282051282051282 5
1675249616558 0.0 6
1675249620827 0.002564102564102564 7
1675249625072 0.0019230769230769232 8
1675249629364 0.0038461538461538464 9
1675249633681 0.000641025641025641 10
1675249637995 0.001282051282051282 11
1675249642480 0.004921422663358147 12
1675249647135 0.000641025641025641 13
1675249651762 0.0038461538461538464 14
1675249656215 0.0019230769230769232 15
1675249660633 0.003639371381306865 16
1675249665115 0.00684449958643507 17
1675249669489 0.004487179487179488 18
1675249673871 0.0029983457402812243 19
1675249678347 0.0029983457402812243 20
