1675249583312 60.69037628173828 0
1675249594168 29.612987518310547 1
1675249598665 24.116771697998047 2
1675249603182 20.328346252441406 3
1675249607653 19.645526885986328 4
1675249612102 19.526363372802734 5
1675249616555 19.717037200927734 6
1675249620823 19.423551559448242 7
1675249625069 19.446250915527344 8
1675249629361 19.432628631591797 9
1675249633679 19.959136962890625 10
1675249637992 19.990663528442383 11
1675249642477 19.372276306152344 12
1675249647132 19.784122467041016 13
1675249651759 19.45576286315918 14
1675249656212 19.413501739501953 15
1675249660630 19.357023239135742 16
1675249665112 19.368473052978516 17
1675249669486 19.379058837890625 18
1675249673868 19.385038375854492 19
1675249678345 19.404773712158203 20
