1685497878178 0.015494619937209993 0
1685498940020 0.01656340999320347 1
1685500011538 0.014954927682173219 2
1685501077560 0.017594269504495275 3
1685502143516 0.014568007777362519 4
1685503199103 0.012598747435945684 5
1685504314962 0.01012169260973586 6
1685505392593 0.012929832766767835 7
1685506524702 0.011494196421964146 8
1685507656438 0.012448274537816769 9
1685508820166 0.010878678699837222 10
1685510050261 0.013707647109696804 11
1685511350387 0.009604292990392949 12
1685512561985 0.008545611691547288 13
1685514000671 0.00972611337581319 14
