1685497878171 0.06710170954465866 0
1685498940013 0.06403686106204987 1
1685500011528 0.06313254684209824 2
1685501077551 0.0582171231508255 3
1685502143507 0.057008836418390274 4
1685503199094 0.05100284889340401 5
1685504314956 0.05243290960788727 6
1685505392585 0.05208611115813255 7
1685506524692 0.05230540409684181 8
1685507656429 0.05106529965996742 9
1685508820159 0.04730654135346413 10
1685510050252 0.058621011674404144 11
1685511350378 0.04711860418319702 12
1685512561976 0.037676744163036346 13
1685514000663 0.040838006883859634 14
