1685497878168 0.21937082707881927 0
1685498940009 0.21668744087219238 1
1685500011524 0.21711300313472748 2
1685501077547 0.21172629296779633 3
1685502143501 0.20839621126651764 4
1685503199089 0.19842511415481567 5
1685504314951 0.1985306739807129 6
1685505392580 0.19796976447105408 7
1685506524687 0.1986100673675537 8
1685507656424 0.19521282613277435 9
1685508820155 0.19325347244739532 10
1685510050247 0.20072625577449799 11
1685511350374 0.19116082787513733 12
1685512561970 0.19054526090621948 13
1685514000659 0.18918906152248383 14
