1685497878180 0.03690474126056555 0
1685498940021 0.03690474126056555 1
1685500011540 0.03690474126056555 2
1685501077562 0.03690474126056555 3
1685502143517 0.03690474126056555 4
1685503199105 0.03690474126056555 5
1685504314965 0.03690474126056555 6
1685505392595 0.03690474126056555 7
1685506524705 0.03690474126056555 8
1685507656441 0.03690474126056555 9
1685508820168 0.03690474126056555 10
1685510050263 0.03690474126056555 11
1685511350389 0.03690474126056555 12
1685512561987 0.03690474126056555 13
1685514000673 0.03690474126056555 14
