1685497878170 0.15226911008358002 0
1685498940011 0.15265057981014252 1
1685500011526 0.15398041903972626 2
1685501077549 0.15350915491580963 3
1685502143504 0.15138737857341766 4
1685503199092 0.14742223918437958 5
1685504314954 0.14609776437282562 6
1685505392583 0.14588364958763123 7
1685506524690 0.14630462229251862 8
1685507656426 0.14414751529693604 9
1685508820157 0.1459469199180603 10
1685510050249 0.14210523664951324 11
1685511350376 0.1440422385931015 12
1685512561973 0.15286850929260254 13
1685514000661 0.1483510583639145 14
