1673436241906 0.6989311575889587 0
1673436259890 0.6836287975311279 1
1673436278095 0.659090518951416 2
1673436297618 0.6320207715034485 3
1673436316787 0.5941179990768433 4
1673436335746 0.5430258512496948 5
1673436353565 0.4885724186897278 6
1673436371346 0.45915207266807556 7
1673436388890 0.5216429829597473 8
1673436406741 0.46362462639808655 9
1673436424201 0.4233323335647583 10
1673436441704 0.4068322479724884 11
1673436459195 0.40557271242141724 12
1673436476272 0.40438464283943176 13
1673436493718 0.4054039418697357 14
