1675846640242 0.0033748937000969517 0
1675846665401 0.0061378293314748285 1
1675846674507 0.004246545725300135 2
1675846685122 0.010449168602477736 3
1675846690646 0.017536523337261595 4
1675846702081 0.022099377306815705 5
1675846707150 0.024729086838389945 6
1675846715881 0.028704663205559807 7
1675846731922 0.029408017749191842 8
1675846737457 0.03390971326552231 9
1675846743078 0.03150674986136481 10
1675846748319 0.032364185242818574 11
1675846754704 0.03305047406521494 12
1675846760010 0.03293535785275412 13
1675846765297 0.03043753856964623 14
1675846770401 0.03311334869579075 15
1675846779170 0.03258378173286564 16
1675846789828 0.02571716723112194 17
1675846794588 0.032444388905475526 18
1675846803792 0.03305605114957277 19
