1675846640239 0.6708593368530273 0
1675846665397 0.596453845500946 1
1675846674502 0.517059326171875 2
1675846685117 0.42371493577957153 3
1675846690639 0.35604172945022583 4
1675846702076 0.3342822790145874 5
1675846707145 0.32802677154541016 6
1675846715875 0.32734131813049316 7
1675846731918 0.33187347650527954 8
1675846737452 0.32750222086906433 9
1675846743073 0.32776737213134766 10
1675846748316 0.328374445438385 11
1675846754701 0.3291856348514557 12
1675846760005 0.328202486038208 13
1675846765293 0.32830995321273804 14
1675846770397 0.32918781042099 15
1675846779165 0.3271961808204651 16
1675846789821 0.3306104838848114 17
1675846794581 0.32715892791748047 18
1675846803790 0.3274863362312317 19
