1675846640246 0.003512777496517334 0
1675846665404 0.003512777496517334 1
1675846674511 0.003512777496517334 2
1675846685125 0.003512777496517334 3
1675846690653 0.003512777496517334 4
1675846702086 0.003512777496517334 5
1675846707154 0.003512777496517334 6
1675846715886 0.003512777496517334 7
1675846731927 0.003512777496517334 8
1675846737463 0.003512777496517334 9
1675846743083 0.003512777496517334 10
1675846748323 0.003512777496517334 11
1675846754708 0.003512777496517334 12
1675846760014 0.003512777496517334 13
1675846765300 0.003512777496517334 14
1675846770404 0.003512777496517334 15
1675846779173 0.003512777496517334 16
1675846789833 0.003512777496517334 17
1675846794592 0.003512777496517334 18
1675846803795 0.003512777496517334 19
