1675252576827 0.0891156401553736 0
1675252599966 0.08849113424195756 1
1675252622549 0.08919065002107306 2
1675252645975 0.0868242678519028 3
1675252669795 0.08786778791224213 4
1675252692984 0.08372596923371257 5
1675252715970 0.08085128550976409 6
1675252738927 0.07826646226283566 7
1675252762274 0.07402283063153123 8
1675252785121 0.06960209367085553 9
1675252808236 0.06451124569643792 10
1675252831176 0.06514126486908829 11
1675252854119 0.06754216868826202 12
1675252877141 0.0678236317168526 13
1675252900049 0.06812499941054047 14
1675252923177 0.06620760117546103 15
1675252946150 0.0653745780509086 16
1675252970364 0.06673029413610221 17
1675252993568 0.06695161940305551 18
1675253016784 0.0665214374822151 19
