1675252576824 4431.2255859375 0
1675252599964 4349.66455078125 1
1675252622547 4286.91259765625 2
1675252645973 4178.52294921875 3
1675252669793 4050.578369140625 4
1675252692982 3897.89697265625 5
1675252715968 3629.61767578125 6
1675252738925 3364.87939453125 7
1675252762272 3086.810546875 8
1675252785119 2864.096923828125 9
1675252808234 4173.38232421875 10
1675252831174 2643.47607421875 11
1675252854117 2582.447021484375 12
1675252877139 2583.66748046875 13
1675252900047 2569.213623046875 14
1675252923174 2564.189453125 15
1675252946148 2570.5322265625 16
1675252970361 2557.62255859375 17
1675252993565 2546.266357421875 18
1675253016781 2544.5908203125 19
