1675252576829 0.08959224731748974 0
1675252599968 0.08959224731748974 1
1675252622552 0.08959224731748974 2
1675252645977 0.08959224731748974 3
1675252669797 0.08959224731748974 4
1675252692986 0.08959224731748974 5
1675252715973 0.08959224731748974 6
1675252738929 0.08959224731748974 7
1675252762276 0.08959224731748974 8
1675252785123 0.08959224731748974 9
1675252808238 0.08959224731748974 10
1675252831178 0.08959224731748974 11
1675252854121 0.08959224731748974 12
1675252877143 0.08959224731748974 13
1675252900051 0.08959224731748974 14
1675252923179 0.08959224731748974 15
1675252946152 0.08959224731748974 16
1675252970366 0.08959224731748974 17
1675252993571 0.08959224731748974 18
1675253016787 0.08959224731748974 19
