1675755459107 0.0026020892687559356 0
1675755462059 0.0037813977651376027 1
1675755465020 0.00416048127813736 2
1675755468060 0.003919281561557985 3
1675755471091 0.002373672698875951 4
1675755474134 0.002797813448219952 5
1675755477113 0.00344066369223602 6
1675755480007 0.003597828032557286 7
1675755482906 0.0033010100972499347 8
1675755485770 0.002780176763916601 9
1675755488660 0.003512777496517334 10
1675755491589 0.003146477130216968 11
1675755494533 0.003148903274689438 12
1675755497430 0.002925340242413413 13
1675755500311 0.0036363878717000364 14
1675755503222 0.004178021820612286 15
1675755506116 0.002541976326299075 16
1675755509020 0.0047578559850380685 17
1675755511960 0.002739973065176317 18
1675755514932 0.003427880545536628 19
1675755517830 0.005107931900384731 20
1675755520676 0.003226884527697536 21
1675755523631 0.0049910299506935865 22
1675755526494 0.00422789512987396 23
1675755529265 0.004180775733161069 24
1675755532017 0.0037742716681204175 25
1675755535068 0.0053739794876065386 26
1675755537883 0.003146477130216968 27
1675755540611 0.003989905091301011 28
1675755543342 0.002757609749479668 29
1675755546088 0.002541976326299075 30
1675755551364 0.003821391064833311 31
1675755554095 0.006941053593818589 32
1675755556891 0.0058585738260535005 33
1675755559722 0.0035255606432167256 34
1675755562613 0.003585044885857894 35
1675755565512 0.004383415610597694 36
1675755568443 0.0027929599106159926 37
1675755571274 0.0022909927419821575 38
1675755574172 0.004259002352582234 39
1675755577075 0.004571742738953544 40
1675755579848 0.0056259505856142205 41
1675755582711 0.004793033211816344 42
1675755585654 0.005159333578116711 43
1675755588667 0.00552153289454831 44
1675755591565 0.00638670159793756 45
1675755594559 0.004453312420792096 46
1675755597550 0.005022106127603097 47
1675755600540 0.006203030837491222 48
1675755603520 0.003940031782039336 49
1675755606481 0.003941587781852777 50
1675755609850 0.004788275816040811 51
1675755612972 0.006195904740474037 52
1675755616104 0.008016062056058182 53
1675755619340 0.006117778199198968 54
1675755622443 0.003848811616874203 55
1675755625592 0.00690290166314821 56
1675755628637 0.006464766975799686 57
1675755631687 0.0070809891583088775 58
1675755634739 0.004789919675638344 59
1675755637826 0.006744158625848262 60
1675755640923 0.005649090734540534 61
1675755644106 0.007546153407795875 62
1675755647217 0.0076347059836451995 63
1675755650390 0.004433444563331777 64
1675755653419 0.004283959243622879 65
1675755656414 0.006110971521624574 66
1675755659317 0.00803635651108189 67
1675755662253 0.00780073517375059 68
1675755665344 0.007031211990875627 69
1675755668370 0.00819747955454885 70
1675755671387 0.00541798534814143 71
1675755674410 0.0069303222151891036 72
1675755677402 0.005370113463693344 73
1675755680404 0.006424321310354021 74
1675755683379 0.006917278274347571 75
1675755686315 0.007637915661651624 76
1675755689170 0.008363855541554919 77
1675755691981 0.007946495970231933 78
1675755694845 0.008644030725137449 79
1675755697718 0.006894138177262506 80
1675755700558 0.007780729788205588 81
1675755703374 0.007759565136681603 82
1675755706214 0.009963685430280728 83
1675755709088 0.007629406499179048 84
1675755711884 0.009010367359306576 85
1675755714707 0.008318342487911785 86
1675755718372 0.008251989934262483 87
1675755721551 0.00920333762622181 88
1675755724761 0.007084525355732596 89
1675755727909 0.0065394915554114795 90
1675755731061 0.008142099824372372 91
1675755734195 0.008274725131008263 92
1675755737326 0.007421855640907643 93
1675755740513 0.008091627612434751 94
1675755743593 0.008059769620671097 95
1675755746715 0.006760355430710891 96
1675755749868 0.009122647345800398 97
1675755753021 0.009916142969700531 98
1675755756189 0.009185133875536506 99
1675755759360 0.006247867804354189 100
1675755762531 0.01056913623136161 101
1675755765726 0.010416711708038135 102
1675755768906 0.007790975489508201 103
1675755772022 0.008883238603148788 104
1675755775139 0.00907788036100469 105
1675755778283 0.007911670240562286 106
1675755781482 0.008787046293735933 107
1675755784604 0.007924226017805899 108
1675755787756 0.010921606909349584 109
1675755790924 0.009649357998297213 110
1675755794038 0.009571776553845852 111
1675755797117 0.00920284434423639 112
1675755800200 0.009966651449506909 113
1675755803290 0.01069254093431264 114
1675755806402 0.011924768171971233 115
1675755809469 0.009064991593614772 116
1675755812539 0.010723820569516918 117
1675755815631 0.01135660316497592 118
1675755818718 0.010119561732304405 119
1675755821860 0.010002290912471843 120
1675755824992 0.009160361615353866 121
1675755828049 0.00869503612430783 122
1675755831081 0.011280546152677191 123
1675755834192 0.011324230194002742 124
1675755837282 0.011258993049363083 125
1675755840384 0.011254646869132103 126
1675755843531 0.00926610793677744 127
1675755846601 0.010455538409430455 128
1675755849670 0.010714316185012533 129
1675755852757 0.010641313546981172 130
1675755855782 0.012444317589810686 131
1675755858754 0.0076678127532625534 132
1675755861830 0.007929679087331295 133
1675755864976 0.01198881477248324 134
1675755868038 0.010211706849541985 135
1675755871124 0.008998728319490282 136
1675755874200 0.01166153178130433 137
1675755877272 0.013926952835886793 138
1675755880389 0.01391057702050039 139
1675755883562 0.012896488293553715 140
1675755886603 0.013646152575968422 141
1675755889704 0.01194849008123137 142
1675755892808 0.011019173100593867 143
1675755895953 0.009966075306884441 144
1675755899045 0.01144992562359597 145
1675755902124 0.011716993234909052 146
1675755905266 0.010872193777861404 147
1675755908347 0.011566834151399575 148
1675755911426 0.01456916155501786 149
1675755914488 0.013538729135211649 150
1675755917583 0.011406173344119272 151
1675755920675 0.010528781295487384 152
1675755923833 0.011034368897849178 153
1675755926988 0.011330166675076858 154
1675755930080 0.012190073932389776 155
1675755933175 0.01390008930094173 156
1675755936311 0.010150988374455468 157
1675755939333 0.011659099166102844 158
1675755942364 0.012468860101649944 159
1675755945581 0.015842551009663603 160
1675755948690 0.014019116803099314 161
1675755951809 0.014479468800544808 162
1675755954947 0.014008016870154924 163
1675755958062 0.014336422177842386 164
1675755961117 0.01098915488946318 165
1675755964246 0.012470636370944662 166
1675755967343 0.013516162120774715 167
1675755970400 0.015770023783959128 168
1675755973505 0.012381951385398155 169
1675755976619 0.0146019376069567 170
1675755979725 0.013019945083677173 171
1675755982820 0.01196327357601625 172
1675755985971 0.01187920289716727 173
1675755989158 0.015187895884758055 174
1675755992285 0.014003598432942157 175
1675755995329 0.013291258359019481 176
1675755998367 0.014899879901584112 177
1675756001454 0.016401830882701758 178
1675756004637 0.014279595714226751 179
1675756007809 0.015359081928124796 180
1675756010909 0.012576784371849253 181
1675756014006 0.015989758257008487 182
1675756017068 0.01389892243400515 183
1675756020262 0.013565121700742156 184
1675756023357 0.014414821739926779 185
1675756026394 0.016321644410262327 186
1675756029503 0.014218447173373859 187
1675756032601 0.016531990099954368 188
1675756035726 0.014882681992015898 189
1675756038828 0.015122985521232353 190
1675756041925 0.014927214943134866 191
1675756045094 0.013897139459299221 192
1675756048194 0.014605036035880068 193
1675756051687 0.014952420979011017 194
1675756054601 0.01596316505382742 195
1675756057621 0.015669955177284207 196
1675756061269 0.017473671204476515 197
1675756064575 0.01579675694429449 198
1675756067983 0.016704862262460166 199
1675756071108 0.01545616121158049 200
1675756074517 0.01722877286410274 201
1675756077742 0.016756691958864905 202
1675756080936 0.015750934341645265 203
1675756084037 0.01678034126121214 204
1675756087168 0.014054011959679582 205
1675756090070 0.01838279059099169 206
1675756093035 0.014746126877503846 207
1675756095906 0.016100039344794884 208
1675756098855 0.0155380147990305 209
1675756101703 0.01341224319409223 210
1675756104697 0.01556738556764858 211
1675756107587 0.015421739323212013 212
1675756110566 0.015589034731999105 213
1675756113658 0.015422982786197583 214
1675756116551 0.016233527255278636 215
1675756119418 0.015320412883044766 216
1675756122314 0.014531748036695118 217
1675756125384 0.01587487390601365 218
1675756128312 0.017908994282407067 219
1675756131219 0.01949015959311728 220
1675756134252 0.01890680162546483 221
1675756137248 0.015841527228104075 222
1675756140159 0.018144123527881074 223
1675756143334 0.013105220616011305 224
1675756146365 0.015927033077836952 225
1675756149652 0.016757560575031118 226
1675756152572 0.014039757544728084 227
1675756155286 0.020228148307518925 228
1675756158080 0.01742379681848674 229
1675756160865 0.018552583207157077 230
1675756163720 0.017618625433143686 231
1675756166454 0.017371413098520427 232
1675756169189 0.019534305911819747 233
1675756171908 0.020244778180673956 234
1675756174606 0.01985332982174592 235
1675756177344 0.01881694522165159 236
1675756180169 0.020797100478737125 237
1675756183014 0.016955608450282784 238
1675756185891 0.0165597124118683 239
1675756188839 0.014664840857129857 240
1675756191685 0.01704210844531937 241
1675756194617 0.01810285325606418 242
1675756197418 0.017084499799690043 243
1675756200227 0.01775150944591491 244
1675756203065 0.0194189427976866 245
1675756205933 0.018247397614301202 246
1675756208854 0.016627336662649476 247
1675756211743 0.016850454269925354 248
1675756214577 0.01839060019264529 249
1675756217438 0.019864095251046005 250
1675756220314 0.020580941129182205 251
1675756223034 0.018159477037281452 252
1675756225860 0.015882183445129372 253
1675756228709 0.016107343240919246 254
1675756231794 0.017217304724138172 255
1675756234736 0.01962099397301873 256
1675756237867 0.017217380960929996 257
1675756240951 0.019854144634681208 258
1675756244020 0.019292845401098227 259
1675756246828 0.01960789338370865 260
1675756249680 0.02036132774572469 261
1675756252754 0.020312816326556342 262
1675756255677 0.01928616144163374 263
1675756258657 0.019881278774426057 264
1675756261561 0.02164533729541624 265
1675756264420 0.02027802943210909 266
1675756267287 0.022766223577592844 267
1675756270089 0.02020666166217459 268
1675756272954 0.02077987446805186 269
1675756275813 0.01946297564107239 270
1675756278679 0.02340067743305497 271
1675756281571 0.023378893661271195 272
1675756284511 0.02143200981542204 273
1675756287379 0.021421690329722895 274
1675756290252 0.020920477874767293 275
1675756293158 0.02103718435381907 276
1675756295942 0.02255519122991075 277
1675756298776 0.019365692556541112 278
1675756301673 0.019810281818334677 279
1675756304608 0.017161847019362242 280
1675756307485 0.01800671377617868 281
1675756310327 0.017352473030474526 282
1675756313557 0.022218793938588898 283
1675756316798 0.02291323838303334 284
1675756319919 0.021383384374815843 285
1675756323050 0.021455021186436204 286
1675756326203 0.023364515637267637 287
1675756329150 0.022548107831612523 288
1675756332140 0.02255577413780028 289
1675756335162 0.022029429340622148 290
1675756338265 0.01923118086449784 291
1675756341280 0.01848309734412092 292
1675756344072 0.019354046377452656 293
1675756346917 0.019239959075865353 294
1675756349824 0.020588963844681445 295
1675756352698 0.02122561260971389 296
1675756355569 0.018092605388656355 297
1675756358444 0.017795046722260194 298
1675756361379 0.017755118510288975 299
1675756364278 0.02033393934613858 300
1675756367076 0.0208177030549679 301
1675756369859 0.02072845231909767 302
1675756372773 0.021147739530837713 303
1675756375693 0.020727828446788686 304
1675756378569 0.021080823855429306 305
1675756381544 0.021601657188762637 306
1675756384502 0.02124641216355953 307
1675756387468 0.020107307365918144 308
1675756390286 0.02300098852353252 309
1675756393522 0.023534893368904092 310
1675756396540 0.0217599415521885 311
1675756399401 0.01976637810656835 312
1675756402481 0.022591793310687985 313
1675756405424 0.02374895769291798 314
1675756408322 0.02276890316259458 315
1675756411380 0.02131500762005493 316
1675756414380 0.020901291194910545 317
1675756417367 0.019507132808882242 318
1675756420415 0.019823948485240928 319
1675756423325 0.02079717704859068 320
1675756426293 0.018982947917288374 321
1675756429232 0.018809787744128205 322
1675756432111 0.017328306262646722 323
1675756435039 0.018843457777798236 324
1675756437975 0.018843457777798236 325
1675756440770 0.01965646590787954 326
1675756443647 0.01969572379135457 327
1675756446569 0.02050873192143587 328
1675756449753 0.02050873192143587 329
1675756452756 0.020041476631534376 330
1675756455599 0.020445517035574783 331
1675756458469 0.020507338143163602 332
1675756461413 0.021719459355284815 333
1675756464151 0.019251599231707404 334
1675756466965 0.020079083301799003 335
1675756469896 0.020079083301799003 336
1675756473018 0.020467950682536304 337
1675756475939 0.021737791952377572 338
1675756478802 0.020837460726843095 339
1675756481733 0.021554306604979295 340
1675756484716 0.020141096159510784 341
1675756487666 0.01973951941647063 342
1675756490646 0.018769501779786323 343
1675756493631 0.019577582587867133 344
1675756496675 0.022497683147621506 345
1675756499771 0.02528047146905864 346
1675756502743 0.021103676227072 347
1675756505618 0.021916684357153302 348
1675756508481 0.02222835401841646 349
1675756511260 0.023332952639819386 350
1675756514114 0.023332952639819386 351
1675756516995 0.02256261186947861 352
1675756519905 0.02476664439609179 353
1675756522963 0.024450904730758623 354
1675756525870 0.024450904730758623 355
1675756528706 0.025682222429325902 356
1675756531586 0.025682222429325902 357
1675756534440 0.025085041832145296 358
1675756537212 0.0258018877102815 359
1675756540091 0.024467757881528013 360
1675756542993 0.024467757881528013 361
1675756545981 0.02452692611273926 362
1675756548870 0.02452692611273926 363
1675756551800 0.02417638060090343 364
1675756554799 0.02291696365526178 365
1675756557704 0.022907653968532733 366
1675756560459 0.02240540066050308 367
1675756563467 0.02280944106454349 368
1675756566392 0.024591315104482044 369
1675756569464 0.02333821032842747 370
1675756572387 0.022906943482066282 371
1675756575666 0.02350917172657095 372
1675756578513 0.023142871360270583 373
1675756581374 0.02446364228527374 374
1675756584187 0.021873379066079706 375
1675756587032 0.021622020618579946 376
1675756590271 0.022956150447333436 377
1675756593317 0.023061797618795492 378
1675756596440 0.023061797618795492 379
1675756599513 0.023683369323503834 380
1675756602471 0.024091836220102195 381
1675756605400 0.022040560418413388 382
1675756608257 0.02280519602175867 383
1675756611052 0.02284716089728698 384
1675756613910 0.021363311784602306 385
1675756616846 0.022115999956645312 386
1675756619764 0.024226333892313625 387
1675756622626 0.023052654874417454 388
1675756625483 0.021604153265806936 389
1675756628384 0.022823665460928885 390
1675756631454 0.02425735721720129 391
1675756634271 0.02355626619352962 392
1675756637160 0.023915857777994726 393
1675756640190 0.027304321166458114 394
1675756643135 0.023523591194050217 395
1675756646138 0.026382367637732326 396
1675756649070 0.02815535915797011 397
1675756651960 0.02815535915797011 398
1675756654755 0.02732423041017469 399
1675756657738 0.02813501684596113 400
1675756660828 0.026786685353584194 401
1675756663742 0.024699019854429814 402
1675756666686 0.024219001340874714 403
1675756669633 0.027326499082518798 404
1675756672505 0.02605107983330923 405
1675756675426 0.02605107983330923 406
1675756678593 0.02605107983330923 407
1675756681672 0.023236427216909303 408
1675756684925 0.022827459490868403 409
1675756687970 0.024357313499085907 410
1675756690937 0.024357313499085907 411
1675756694004 0.023836191800413725 412
1675756697023 0.023836191800413725 413
1675756699969 0.024059210518056096 414
1675756703014 0.024059210518056096 415
1675756706035 0.02798917143726433 416
1675756708801 0.027181090629183516 417
1675756711769 0.02754739099548388 418
1675756714775 0.027509234707327593 419
1675756717726 0.027509234707327593 420
1675756720709 0.028325642512982713 421
1675756723648 0.024132796476444042 422
1675756727062 0.026165316801647295 423
1675756730123 0.026165316801647295 424
1675756733180 0.0271665378028683 425
1675756736751 0.0271665378028683 426
1675756739868 0.0271665378028683 427
1675756742971 0.02635106601178675 428
1675756746287 0.02635106601178675 429
1675756749460 0.02838112267598976 430
1675756752540 0.02859675609917035 431
1675756755591 0.03029378611830567 432
1675756758896 0.02711298757534151 433
1675756761966 0.02711298757534151 434
1675756765010 0.025439105901459834 435
1675756768171 0.025349319145006412 436
1675756771246 0.025349319145006412 437
1675756774370 0.023798798779627553 438
1675756777398 0.022979045056648027 439
1675756780466 0.024273091511984802 440
1675756783662 0.024273091511984802 441
1675756786746 0.024799322697555748 442
1675756789892 0.024799322697555748 443
1675756792807 0.02436930269764327 444
1675756795840 0.027068846915250074 445
1675756798896 0.027470492239318443 446
1675756802148 0.027218521141310754 447
1675756805296 0.02525423542702504 448
1675756808316 0.027461401943134647 449
1675756811438 0.027461401943134647 450
