1675755459105 198.87582397460938 0
1675755462055 196.8278045654297 1
1675755465017 194.7974395751953 2
1675755468058 192.787109375 3
1675755471088 190.79550170898438 4
1675755474131 188.8399658203125 5
1675755477110 186.89352416992188 6
1675755480003 184.976318359375 7
1675755482902 183.07806396484375 8
1675755485768 181.21316528320312 9
1675755488657 179.35508728027344 10
1675755491587 177.527587890625 11
1675755494530 175.7242431640625 12
1675755497426 173.95840454101562 13
1675755500308 172.20266723632812 14
1675755503219 170.4710235595703 15
1675755506113 168.76065063476562 16
1675755509018 167.0758819580078 17
1675755511958 165.40869140625 18
1675755514929 163.76499938964844 19
1675755517826 162.13319396972656 20
1675755520673 160.5417022705078 21
1675755523627 158.9690399169922 22
1675755526491 157.40028381347656 23
1675755529262 155.85731506347656 24
1675755532015 154.33843994140625 25
1675755535066 152.83151245117188 26
1675755537881 151.346923828125 27
1675755540608 149.88787841796875 28
1675755543339 148.44207763671875 29
1675755546085 147.02056884765625 30
1675755551362 145.62747192382812 31
1675755554093 144.24212646484375 32
1675755556888 142.872802734375 33
1675755559720 141.52410888671875 34
1675755562611 140.19461059570312 35
1675755565510 138.88552856445312 36
1675755568439 137.59878540039062 37
1675755571271 136.32077026367188 38
1675755574169 135.0576629638672 39
1675755577072 133.81558227539062 40
1675755579844 132.59475708007812 41
1675755582709 131.38436889648438 42
1675755585651 130.1888427734375 43
1675755588665 129.0194854736328 44
1675755591563 127.8519287109375 45
1675755594556 126.70044708251953 46
1675755597546 125.57201385498047 47
1675755600537 124.46311950683594 48
1675755603518 123.3643569946289 49
1675755606478 122.27725982666016 50
1675755609846 121.20677185058594 51
1675755612969 120.15304565429688 52
1675755616101 119.11360931396484 53
1675755619336 118.08763885498047 54
1675755622441 117.07615661621094 55
1675755625590 116.06635284423828 56
1675755628634 115.08180236816406 57
1675755631683 114.10984802246094 58
1675755634736 113.15320587158203 59
1675755637823 112.21229553222656 60
1675755640920 111.27977752685547 61
1675755644103 110.35662078857422 62
1675755647214 109.45243835449219 63
1675755650387 108.55570983886719 64
1675755653417 107.67378234863281 65
1675755656411 106.80587768554688 66
1675755659315 105.94367980957031 67
1675755662249 105.09173583984375 68
1675755665341 104.25576782226562 69
1675755668368 103.43075561523438 70
1675755671384 102.61640167236328 71
1675755674406 101.81434631347656 72
1675755677398 101.02214050292969 73
1675755680401 100.2437744140625 74
1675755683376 99.4720458984375 75
1675755686312 98.71270751953125 76
1675755689168 97.96455383300781 77
1675755691978 97.2216796875 78
1675755694843 96.49253845214844 79
1675755697716 95.77225494384766 80
1675755700556 95.06177520751953 81
1675755703372 94.3636474609375 82
1675755706212 93.67044067382812 83
1675755709086 92.98912811279297 84
1675755711881 92.31796264648438 85
1675755714704 91.6479263305664 86
1675755718368 90.99565124511719 87
1675755721547 90.3523178100586 88
1675755724757 89.71296691894531 89
1675755727905 89.0794906616211 90
1675755731058 88.45941162109375 91
1675755734191 87.84800720214844 92
1675755737323 87.24253845214844 93
1675755740510 86.64427947998047 94
1675755743589 86.05558776855469 95
1675755746713 85.47532653808594 96
1675755749866 84.89892578125 97
1675755753019 84.3320541381836 98
1675755756186 83.77322387695312 99
1675755759356 83.21817016601562 100
1675755762528 82.67697143554688 101
1675755765722 82.14108276367188 102
1675755768902 81.61593627929688 103
1675755772020 81.08916473388672 104
1675755775135 80.57380676269531 105
1675755778280 80.06450653076172 106
1675755781479 79.56265258789062 107
1675755784601 79.06675720214844 108
1675755787752 78.57757568359375 109
1675755790921 78.09318542480469 110
1675755794035 77.61344909667969 111
1675755797115 77.14219665527344 112
1675755800197 76.6768798828125 113
1675755803286 76.2206802368164 114
1675755806399 75.76950073242188 115
1675755809467 75.32077026367188 116
1675755812536 74.87821960449219 117
1675755815628 74.44171142578125 118
1675755818716 74.01383972167969 119
1675755821855 73.58779907226562 120
1675755824987 73.16998291015625 121
1675755828047 72.75402069091797 122
1675755831078 72.3463134765625 123
1675755834189 71.94227600097656 124
1675755837280 71.54544067382812 125
1675755840382 71.1524658203125 126
1675755843529 70.76473236083984 127
1675755846598 70.38143920898438 128
1675755849668 70.00381469726562 129
1675755852753 69.63050079345703 130
1675755855780 69.26219940185547 131
1675755858751 68.89524841308594 132
1675755861827 68.53669738769531 133
1675755864973 68.18179321289062 134
1675755868036 67.83011627197266 135
1675755871121 67.482421875 136
1675755874197 67.1405029296875 137
1675755877270 66.80201721191406 138
1675755880385 66.46867370605469 139
1675755883560 66.13892364501953 140
1675755886600 65.81188201904297 141
1675755889701 65.48929595947266 142
1675755892804 65.17326354980469 143
1675755895951 64.859619140625 144
1675755899042 64.55099487304688 145
1675755902121 64.24700927734375 146
1675755905264 63.943111419677734 147
1675755908344 63.64494705200195 148
1675755911423 63.3497314453125 149
1675755914485 63.05692672729492 150
1675755917580 62.76777648925781 151
1675755920672 62.485755920410156 152
1675755923831 62.20492172241211 153
1675755926985 61.92762756347656 154
1675755930078 61.6533317565918 155
1675755933171 61.38232421875 156
1675755936308 61.11614227294922 157
1675755939330 60.851600646972656 158
1675755942362 60.590816497802734 159
1675755945579 60.33113479614258 160
1675755948686 60.077796936035156 161
1675755951804 59.82512664794922 162
1675755954945 59.57730484008789 163
1675755958059 59.33180618286133 164
1675755961115 59.08925247192383 165
1675755964243 58.84944534301758 166
1675755967339 58.61220932006836 167
1675755970397 58.37925720214844 168
1675755973501 58.14659881591797 169
1675755976617 57.91679000854492 170
1675755979722 57.69232940673828 171
1675755982818 57.46955871582031 172
1675755985968 57.24798583984375 173
1675755989154 57.029964447021484 174
1675755992283 56.8143196105957 175
1675755995327 56.60161209106445 176
1675755998364 56.39113998413086 177
1675756001450 56.18292999267578 178
1675756004633 55.976749420166016 179
1675756007806 55.77392578125 180
1675756010906 55.57310485839844 181
1675756014003 55.37342834472656 182
1675756017064 55.177371978759766 183
1675756020260 54.983497619628906 184
1675756023354 54.792572021484375 185
1675756026391 54.60321807861328 186
1675756029500 54.41594696044922 187
1675756032598 54.230567932128906 188
1675756035723 54.04878234863281 189
1675756038826 53.86781311035156 190
1675756041922 53.68935012817383 191
1675756045092 53.51316452026367 192
1675756048192 53.33842849731445 193
1675756051683 53.1652946472168 194
1675756054597 52.993316650390625 195
1675756057618 52.82481002807617 196
1675756061266 52.65886688232422 197
1675756064573 52.494285583496094 198
1675756067979 52.33039474487305 199
1675756071105 52.17082214355469 200
1675756074513 52.01034927368164 201
1675756077739 51.85262680053711 202
1675756080933 51.697532653808594 203
1675756084034 51.544036865234375 204
1675756087166 51.39287567138672 205
1675756090068 51.24119567871094 206
1675756093032 51.09247589111328 207
1675756095903 50.9457893371582 208
1675756098852 50.80079650878906 209
1675756101699 50.65608596801758 210
1675756104694 50.51521301269531 211
1675756107584 50.37506103515625 212
1675756110563 50.23576354980469 213
1675756113655 50.09852600097656 214
1675756116548 49.961639404296875 215
1675756119415 49.827144622802734 216
1675756122311 49.69443893432617 217
1675756125380 49.56407928466797 218
1675756128310 49.433631896972656 219
1675756131217 49.30641174316406 220
1675756134249 49.17915344238281 221
1675756137244 49.05329513549805 222
1675756140156 48.92979431152344 223
1675756143331 48.807098388671875 224
1675756146363 48.685462951660156 225
1675756149648 48.56573486328125 226
1675756152570 48.446022033691406 227
1675756155283 48.32872772216797 228
1675756158078 48.21303939819336 229
1675756160863 48.09735107421875 230
1675756163717 47.983917236328125 231
1675756166450 47.87269592285156 232
1675756169187 47.76126480102539 233
1675756171906 47.65102005004883 234
1675756174604 47.542747497558594 235
1675756177342 47.43584442138672 236
1675756180167 47.33036804199219 237
1675756183011 47.22520446777344 238
1675756185888 47.12108612060547 239
1675756188837 47.0185546875 240
1675756191682 46.917083740234375 241
1675756194615 46.81614685058594 242
1675756197415 46.716461181640625 243
1675756200225 46.61882019042969 244
1675756203063 46.520751953125 245
1675756205930 46.424400329589844 246
1675756208851 46.3302116394043 247
1675756211740 46.23583984375 248
1675756214575 46.14336395263672 249
1675756217434 46.05158996582031 250
1675756220312 45.959625244140625 251
1675756223031 45.86980438232422 252
1675756225857 45.78063201904297 253
1675756228706 45.69278335571289 254
1675756231791 45.60503387451172 255
1675756234732 45.519222259521484 256
1675756237864 45.43396759033203 257
1675756240948 45.34978485107422 258
1675756244018 45.266448974609375 259
1675756246825 45.18468475341797 260
1675756249678 45.102378845214844 261
1675756252750 45.02117919921875 262
1675756255675 44.94140625 263
1675756258655 44.86286163330078 264
1675756261557 44.78477478027344 265
1675756264418 44.7081298828125 266
1675756267284 44.63153839111328 267
1675756270086 44.556060791015625 268
1675756272951 44.48078918457031 269
1675756275810 44.407203674316406 270
1675756278677 44.33452224731445 271
1675756281569 44.261497497558594 272
1675756284508 44.18975067138672 273
1675756287377 44.119239807128906 274
1675756290249 44.04887390136719 275
1675756293154 43.980621337890625 276
1675756295939 43.91181945800781 277
1675756298774 43.84368896484375 278
1675756301671 43.77617263793945 279
1675756304605 43.710479736328125 280
1675756307482 43.644630432128906 281
1675756310324 43.579898834228516 282
1675756313553 43.51567840576172 283
1675756316795 43.451934814453125 284
1675756319917 43.38897705078125 285
1675756323047 43.32720184326172 286
1675756326200 43.265628814697266 287
1675756329147 43.204627990722656 288
1675756332137 43.144535064697266 289
1675756335158 43.08511734008789 290
1675756338262 43.02570343017578 291
1675756341277 42.96767044067383 292
1675756344070 42.910560607910156 293
1675756346915 42.852882385253906 294
1675756349821 42.79671096801758 295
1675756352695 42.74056625366211 296
1675756355567 42.685813903808594 297
1675756358441 42.631492614746094 298
1675756361377 42.577392578125 299
1675756364276 42.523841857910156 300
1675756367073 42.47076416015625 301
1675756369855 42.419158935546875 302
1675756372770 42.367027282714844 303
1675756375690 42.31574249267578 304
1675756378567 42.265323638916016 305
1675756381541 42.21538543701172 306
1675756384498 42.16596603393555 307
1675756387465 42.11712646484375 308
1675756390283 42.06888961791992 309
1675756393519 42.02067947387695 310
1675756396537 41.973838806152344 311
1675756399398 41.926429748535156 312
1675756402479 41.880191802978516 313
1675756405422 41.8343620300293 314
1675756408319 41.7894287109375 315
1675756411378 41.7440185546875 316
1675756414378 41.69978332519531 317
1675756417363 41.65590286254883 318
1675756420412 41.61266326904297 319
1675756423322 41.569854736328125 320
1675756426290 41.52694320678711 321
1675756429229 41.48468017578125 322
1675756432108 41.44333267211914 323
1675756435036 41.40191650390625 324
1675756437973 41.361289978027344 325
1675756440768 41.32149124145508 326
1675756443644 41.28150939941406 327
1675756446567 41.2419319152832 328
1675756449750 41.203033447265625 329
1675756452753 41.1644287109375 330
1675756455595 41.1264533996582 331
1675756458467 41.088775634765625 332
1675756461410 41.05128479003906 333
1675756464149 41.0147705078125 334
1675756466962 40.97796630859375 335
1675756469893 40.94212341308594 336
1675756473015 40.906558990478516 337
1675756475937 40.87110137939453 338
1675756478799 40.83619689941406 339
1675756481731 40.801658630371094 340
1675756484713 40.76762008666992 341
1675756487663 40.73400115966797 342
1675756490642 40.70064163208008 343
1675756493628 40.66718673706055 344
1675756496672 40.63465881347656 345
1675756499769 40.60222625732422 346
1675756502740 40.570762634277344 347
1675756505616 40.53876876831055 348
1675756508478 40.507572174072266 349
1675756511257 40.47684860229492 350
1675756514111 40.446128845214844 351
1675756516992 40.415950775146484 352
1675756519902 40.38633728027344 353
1675756522959 40.35688018798828 354
1675756525868 40.32749938964844 355
1675756528703 40.29841613769531 356
1675756531584 40.26952362060547 357
1675756534437 40.24152374267578 358
1675756537208 40.21383285522461 359
1675756540088 40.18623352050781 360
1675756542990 40.15903091430664 361
1675756545978 40.13188934326172 362
1675756548868 40.105072021484375 363
1675756551798 40.078575134277344 364
1675756554796 40.0524787902832 365
1675756557702 40.026912689208984 366
1675756560456 40.00126266479492 367
1675756563463 39.976112365722656 368
1675756566389 39.95109558105469 369
1675756569461 39.926429748535156 370
1675756572383 39.90168762207031 371
1675756575663 39.877628326416016 372
1675756578509 39.85368347167969 373
1675756581372 39.82988739013672 374
1675756584185 39.806663513183594 375
1675756587029 39.783538818359375 376
1675756590268 39.76063537597656 377
1675756593314 39.738155364990234 378
1675756596437 39.71614074707031 379
1675756599510 39.69420623779297 380
1675756602468 39.672489166259766 381
1675756605397 39.650875091552734 382
1675756608254 39.62952423095703 383
1675756611049 39.60832595825195 384
1675756613907 39.58755111694336 385
1675756616842 39.56691360473633 386
1675756619761 39.54668045043945 387
1675756622623 39.526519775390625 388
1675756625481 39.50678634643555 389
1675756628382 39.487060546875 390
1675756631451 39.467552185058594 391
1675756634269 39.44834899902344 392
1675756637157 39.42974853515625 393
1675756640187 39.411075592041016 394
1675756643133 39.39238357543945 395
1675756646135 39.373992919921875 396
1675756649068 39.35609436035156 397
1675756651957 39.337989807128906 398
1675756654751 39.32027816772461 399
1675756657735 39.30278778076172 400
1675756660826 39.28545379638672 401
1675756663739 39.26826095581055 402
1675756666684 39.25191879272461 403
1675756669629 39.235023498535156 404
1675756672502 39.218345642089844 405
1675756675424 39.20191192626953 406
1675756678590 39.1857795715332 407
1675756681668 39.17002868652344 408
1675756684923 39.15452194213867 409
1675756687967 39.13899612426758 410
1675756690934 39.123451232910156 411
1675756694001 39.10821533203125 412
1675756697019 39.09339141845703 413
1675756699967 39.07854461669922 414
1675756703011 39.063785552978516 415
1675756706032 39.04939270019531 416
1675756708798 39.03531265258789 417
1675756711765 39.020965576171875 418
1675756714772 39.007171630859375 419
1675756717724 38.993717193603516 420
1675756720706 38.97992706298828 421
1675756723645 38.96629333496094 422
1675756727058 38.953094482421875 423
1675756730121 38.94019317626953 424
1675756733178 38.92724609375 425
1675756736747 38.91393280029297 426
1675756739864 38.901546478271484 427
1675756742969 38.88926315307617 428
1675756746284 38.876953125 429
1675756749456 38.86474609375 430
1675756752537 38.852691650390625 431
1675756755588 38.840702056884766 432
1675756758894 38.828826904296875 433
1675756761962 38.81736755371094 434
1675756765007 38.80603790283203 435
1675756768167 38.79477310180664 436
1675756771243 38.78376770019531 437
1675756774367 38.77262878417969 438
1675756777395 38.761680603027344 439
1675756780463 38.750946044921875 440
1675756783659 38.74033737182617 441
1675756786743 38.72987365722656 442
1675756789889 38.71976089477539 443
1675756792804 38.70952606201172 444
1675756795838 38.69955062866211 445
1675756798893 38.68939971923828 446
1675756802144 38.67961883544922 447
1675756805292 38.66997528076172 448
1675756808312 38.66015625 449
1675756811435 38.65078353881836 450
