1675755459110 0.003512777496517334 0
1675755462061 0.003512777496517334 1
1675755465022 0.003512777496517334 2
1675755468063 0.003512777496517334 3
1675755471094 0.003512777496517334 4
1675755474137 0.003512777496517334 5
1675755477115 0.003512777496517334 6
1675755480009 0.003512777496517334 7
1675755482908 0.003512777496517334 8
1675755485772 0.003512777496517334 9
1675755488662 0.003512777496517334 10
1675755491592 0.003512777496517334 11
1675755494535 0.003512777496517334 12
1675755497433 0.003512777496517334 13
1675755500313 0.003512777496517334 14
1675755503248 0.003512777496517334 15
1675755506118 0.003512777496517334 16
1675755509023 0.003512777496517334 17
1675755511963 0.003512777496517334 18
1675755514935 0.003512777496517334 19
1675755517833 0.003512777496517334 20
1675755520679 0.003512777496517334 21
1675755523634 0.003512777496517334 22
1675755526496 0.003512777496517334 23
1675755529267 0.003512777496517334 24
1675755532019 0.003512777496517334 25
1675755535070 0.003512777496517334 26
1675755537886 0.003512777496517334 27
1675755540613 0.003512777496517334 28
1675755543344 0.003512777496517334 29
1675755546090 0.003512777496517334 30
1675755551366 0.003512777496517334 31
1675755554098 0.003512777496517334 32
1675755556893 0.003512777496517334 33
1675755559724 0.003512777496517334 34
1675755562615 0.003512777496517334 35
1675755565515 0.003512777496517334 36
1675755568445 0.003512777496517334 37
1675755571276 0.003512777496517334 38
1675755574174 0.003512777496517334 39
1675755577078 0.003512777496517334 40
1675755579850 0.003512777496517334 41
1675755582713 0.003512777496517334 42
1675755585657 0.003512777496517334 43
1675755588669 0.003512777496517334 44
1675755591567 0.003512777496517334 45
1675755594561 0.003512777496517334 46
1675755597553 0.003512777496517334 47
1675755600543 0.003512777496517334 48
1675755603522 0.003512777496517334 49
1675755606484 0.003512777496517334 50
1675755609853 0.003512777496517334 51
1675755612974 0.003512777496517334 52
1675755616107 0.003512777496517334 53
1675755619344 0.003512777496517334 54
1675755622445 0.003512777496517334 55
1675755625594 0.003512777496517334 56
1675755628640 0.003512777496517334 57
1675755631690 0.003512777496517334 58
1675755634742 0.003512777496517334 59
1675755637828 0.003512777496517334 60
1675755640925 0.003512777496517334 61
1675755644109 0.003512777496517334 62
1675755647220 0.003512777496517334 63
1675755650393 0.003512777496517334 64
1675755653421 0.003512777496517334 65
1675755656417 0.003512777496517334 66
1675755659320 0.003512777496517334 67
1675755662256 0.003512777496517334 68
1675755665346 0.003512777496517334 69
1675755668372 0.003512777496517334 70
1675755671390 0.003512777496517334 71
1675755674412 0.003512777496517334 72
1675755677405 0.003512777496517334 73
1675755680408 0.003512777496517334 74
1675755683381 0.003512777496517334 75
1675755686317 0.003512777496517334 76
1675755689173 0.003512777496517334 77
1675755691983 0.003512777496517334 78
1675755694848 0.003512777496517334 79
1675755697720 0.003512777496517334 80
1675755700561 0.003512777496517334 81
1675755703376 0.003512777496517334 82
1675755706217 0.003512777496517334 83
1675755709091 0.003512777496517334 84
1675755711886 0.003512777496517334 85
1675755714709 0.003512777496517334 86
1675755718376 0.003512777496517334 87
1675755721554 0.003512777496517334 88
1675755724763 0.003512777496517334 89
1675755727911 0.003512777496517334 90
1675755731063 0.003512777496517334 91
1675755734198 0.003512777496517334 92
1675755737328 0.003512777496517334 93
1675755740515 0.003512777496517334 94
1675755743595 0.003512777496517334 95
1675755746718 0.003512777496517334 96
1675755749870 0.003512777496517334 97
1675755753025 0.003512777496517334 98
1675755756193 0.003512777496517334 99
1675755759363 0.003512777496517334 100
1675755762533 0.003512777496517334 101
1675755765729 0.003512777496517334 102
1675755768909 0.003512777496517334 103
1675755772025 0.003512777496517334 104
1675755775143 0.003512777496517334 105
1675755778287 0.003512777496517334 106
1675755781484 0.003512777496517334 107
1675755784609 0.003512777496517334 108
1675755787759 0.003512777496517334 109
1675755790926 0.003512777496517334 110
1675755794041 0.003512777496517334 111
1675755797119 0.003512777496517334 112
1675755800202 0.003512777496517334 113
1675755803294 0.003512777496517334 114
1675755806405 0.003512777496517334 115
1675755809471 0.003512777496517334 116
1675755812543 0.003512777496517334 117
1675755815633 0.003512777496517334 118
1675755818720 0.003512777496517334 119
1675755821863 0.003512777496517334 120
1675755824995 0.003512777496517334 121
1675755828052 0.003512777496517334 122
1675755831083 0.003512777496517334 123
1675755834195 0.003512777496517334 124
1675755837285 0.003512777496517334 125
1675755840388 0.003512777496517334 126
1675755843534 0.003512777496517334 127
1675755846604 0.003512777496517334 128
1675755849673 0.003512777496517334 129
1675755852760 0.003512777496517334 130
1675755855784 0.003512777496517334 131
1675755858757 0.003512777496517334 132
1675755861832 0.003512777496517334 133
1675755864978 0.003512777496517334 134
1675755868042 0.003512777496517334 135
1675755871126 0.003512777496517334 136
1675755874202 0.003512777496517334 137
1675755877275 0.003512777496517334 138
1675755880392 0.003512777496517334 139
1675755883565 0.003512777496517334 140
1675755886606 0.003512777496517334 141
1675755889708 0.003512777496517334 142
1675755892811 0.003512777496517334 143
1675755895957 0.003512777496517334 144
1675755899048 0.003512777496517334 145
1675755902127 0.003512777496517334 146
1675755905269 0.003512777496517334 147
1675755908350 0.003512777496517334 148
1675755911428 0.003512777496517334 149
1675755914491 0.003512777496517334 150
1675755917586 0.003512777496517334 151
1675755920677 0.003512777496517334 152
1675755923836 0.003512777496517334 153
1675755926993 0.003512777496517334 154
1675755930083 0.003512777496517334 155
1675755933177 0.003512777496517334 156
1675755936314 0.003512777496517334 157
1675755939335 0.003512777496517334 158
1675755942367 0.003512777496517334 159
1675755945584 0.003512777496517334 160
1675755948694 0.003512777496517334 161
1675755951812 0.003512777496517334 162
1675755954950 0.003512777496517334 163
1675755958064 0.003512777496517334 164
1675755961119 0.003512777496517334 165
1675755964249 0.003512777496517334 166
1675755967345 0.003512777496517334 167
1675755970403 0.003512777496517334 168
1675755973510 0.003512777496517334 169
1675755976621 0.003512777496517334 170
1675755979727 0.003512777496517334 171
1675755982822 0.003512777496517334 172
1675755985973 0.003512777496517334 173
1675755989162 0.003512777496517334 174
1675755992289 0.003512777496517334 175
1675755995332 0.003512777496517334 176
1675755998370 0.003512777496517334 177
1675756001457 0.003512777496517334 178
1675756004640 0.003512777496517334 179
1675756007811 0.003512777496517334 180
1675756010911 0.003512777496517334 181
1675756014009 0.003512777496517334 182
1675756017070 0.003512777496517334 183
1675756020265 0.003512777496517334 184
1675756023359 0.003512777496517334 185
1675756026398 0.003512777496517334 186
1675756029506 0.003512777496517334 187
1675756032605 0.003512777496517334 188
1675756035729 0.003512777496517334 189
1675756038832 0.003512777496517334 190
1675756041927 0.003512777496517334 191
1675756045098 0.003512777496517334 192
1675756048197 0.003512777496517334 193
1675756051689 0.003512777496517334 194
1675756054604 0.003512777496517334 195
1675756057623 0.003512777496517334 196
1675756061272 0.003512777496517334 197
1675756064579 0.003512777496517334 198
1675756067987 0.003512777496517334 199
1675756071110 0.003512777496517334 200
1675756074520 0.003512777496517334 201
1675756077745 0.003512777496517334 202
1675756080939 0.003512777496517334 203
1675756084041 0.003512777496517334 204
1675756087170 0.003512777496517334 205
1675756090072 0.003512777496517334 206
1675756093038 0.003512777496517334 207
1675756095909 0.003512777496517334 208
1675756098858 0.003512777496517334 209
1675756101705 0.003512777496517334 210
1675756104700 0.003512777496517334 211
1675756107589 0.003512777496517334 212
1675756110569 0.003512777496517334 213
1675756113661 0.003512777496517334 214
1675756116554 0.003512777496517334 215
1675756119420 0.003512777496517334 216
1675756122317 0.003512777496517334 217
1675756125387 0.003512777496517334 218
1675756128314 0.003512777496517334 219
1675756131221 0.003512777496517334 220
1675756134255 0.003512777496517334 221
1675756137252 0.003512777496517334 222
1675756140161 0.003512777496517334 223
1675756143338 0.003512777496517334 224
1675756146367 0.003512777496517334 225
1675756149655 0.003512777496517334 226
1675756152574 0.003512777496517334 227
1675756155288 0.003512777496517334 228
1675756158083 0.003512777496517334 229
1675756160868 0.003512777496517334 230
1675756163722 0.003512777496517334 231
1675756166456 0.003512777496517334 232
1675756169192 0.003512777496517334 233
1675756171911 0.003512777496517334 234
1675756174609 0.003512777496517334 235
1675756177347 0.003512777496517334 236
1675756180171 0.003512777496517334 237
1675756183016 0.003512777496517334 238
1675756185894 0.003512777496517334 239
1675756188842 0.003512777496517334 240
1675756191688 0.003512777496517334 241
1675756194620 0.003512777496517334 242
1675756197420 0.003512777496517334 243
1675756200229 0.003512777496517334 244
1675756203067 0.003512777496517334 245
1675756205936 0.003512777496517334 246
1675756208857 0.003512777496517334 247
1675756211746 0.003512777496517334 248
1675756214580 0.003512777496517334 249
1675756217441 0.003512777496517334 250
1675756220316 0.003512777496517334 251
1675756223036 0.003512777496517334 252
1675756225862 0.003512777496517334 253
1675756228711 0.003512777496517334 254
1675756231797 0.003512777496517334 255
1675756234739 0.003512777496517334 256
1675756237869 0.003512777496517334 257
1675756240954 0.003512777496517334 258
1675756244022 0.003512777496517334 259
1675756246830 0.003512777496517334 260
1675756249683 0.003512777496517334 261
1675756252757 0.003512777496517334 262
1675756255679 0.003512777496517334 263
1675756258660 0.003512777496517334 264
1675756261563 0.003512777496517334 265
1675756264423 0.003512777496517334 266
1675756267290 0.003512777496517334 267
1675756270092 0.003512777496517334 268
1675756272957 0.003512777496517334 269
1675756275815 0.003512777496517334 270
1675756278682 0.003512777496517334 271
1675756281574 0.003512777496517334 272
1675756284513 0.003512777496517334 273
1675756287382 0.003512777496517334 274
1675756290255 0.003512777496517334 275
1675756293161 0.003512777496517334 276
1675756295944 0.003512777496517334 277
1675756298778 0.003512777496517334 278
1675756301675 0.003512777496517334 279
1675756304610 0.003512777496517334 280
1675756307487 0.003512777496517334 281
1675756310329 0.003512777496517334 282
1675756313561 0.003512777496517334 283
1675756316800 0.003512777496517334 284
1675756319921 0.003512777496517334 285
1675756323053 0.003512777496517334 286
1675756326206 0.003512777496517334 287
1675756329153 0.003512777496517334 288
1675756332143 0.003512777496517334 289
1675756335164 0.003512777496517334 290
1675756338267 0.003512777496517334 291
1675756341283 0.003512777496517334 292
1675756344075 0.003512777496517334 293
1675756346919 0.003512777496517334 294
1675756349826 0.003512777496517334 295
1675756352701 0.003512777496517334 296
1675756355571 0.003512777496517334 297
1675756358446 0.003512777496517334 298
1675756361381 0.003512777496517334 299
1675756364280 0.003512777496517334 300
1675756367078 0.003512777496517334 301
1675756369862 0.003512777496517334 302
1675756372775 0.003512777496517334 303
1675756375696 0.003512777496517334 304
1675756378571 0.003512777496517334 305
1675756381546 0.003512777496517334 306
1675756384505 0.003512777496517334 307
1675756387470 0.003512777496517334 308
1675756390289 0.003512777496517334 309
1675756393524 0.003512777496517334 310
1675756396544 0.003512777496517334 311
1675756399403 0.003512777496517334 312
1675756402484 0.003512777496517334 313
1675756405426 0.003512777496517334 314
1675756408325 0.003512777496517334 315
1675756411383 0.003512777496517334 316
1675756414383 0.003512777496517334 317
1675756417370 0.003512777496517334 318
1675756420417 0.003512777496517334 319
1675756423328 0.003512777496517334 320
1675756426296 0.003512777496517334 321
1675756429234 0.003512777496517334 322
1675756432114 0.003512777496517334 323
1675756435042 0.003512777496517334 324
1675756437978 0.003512777496517334 325
1675756440773 0.003512777496517334 326
1675756443649 0.003512777496517334 327
1675756446572 0.003512777496517334 328
1675756449756 0.003512777496517334 329
1675756452759 0.003512777496517334 330
1675756455601 0.003512777496517334 331
1675756458471 0.003512777496517334 332
1675756461416 0.003512777496517334 333
1675756464154 0.003512777496517334 334
1675756466967 0.003512777496517334 335
1675756469899 0.003512777496517334 336
1675756473021 0.003512777496517334 337
1675756475942 0.003512777496517334 338
1675756478804 0.003512777496517334 339
1675756481736 0.003512777496517334 340
1675756484718 0.003512777496517334 341
1675756487669 0.003512777496517334 342
1675756490649 0.003512777496517334 343
1675756493634 0.003512777496517334 344
1675756496677 0.003512777496517334 345
1675756499773 0.003512777496517334 346
1675756502746 0.003512777496517334 347
1675756505621 0.003512777496517334 348
1675756508483 0.003512777496517334 349
1675756511263 0.003512777496517334 350
1675756514116 0.003512777496517334 351
1675756516998 0.003512777496517334 352
1675756519908 0.003512777496517334 353
1675756522966 0.003512777496517334 354
1675756525872 0.003512777496517334 355
1675756528709 0.003512777496517334 356
1675756531589 0.003512777496517334 357
1675756534443 0.003512777496517334 358
1675756537215 0.003512777496517334 359
1675756540094 0.003512777496517334 360
1675756542996 0.003512777496517334 361
1675756545984 0.003512777496517334 362
1675756548872 0.003512777496517334 363
1675756551803 0.003512777496517334 364
1675756554803 0.003512777496517334 365
1675756557707 0.003512777496517334 366
1675756560461 0.003512777496517334 367
1675756563470 0.003512777496517334 368
1675756566395 0.003512777496517334 369
1675756569467 0.003512777496517334 370
1675756572390 0.003512777496517334 371
1675756575668 0.003512777496517334 372
1675756578516 0.003512777496517334 373
1675756581376 0.003512777496517334 374
1675756584190 0.003512777496517334 375
1675756587034 0.003512777496517334 376
1675756590274 0.003512777496517334 377
1675756593320 0.003512777496517334 378
1675756596444 0.003512777496517334 379
1675756599515 0.003512777496517334 380
1675756602473 0.003512777496517334 381
1675756605402 0.003512777496517334 382
1675756608259 0.003512777496517334 383
1675756611055 0.003512777496517334 384
1675756613912 0.003512777496517334 385
1675756616849 0.003512777496517334 386
1675756619767 0.003512777496517334 387
1675756622628 0.003512777496517334 388
1675756625485 0.003512777496517334 389
1675756628387 0.003512777496517334 390
1675756631456 0.003512777496517334 391
1675756634273 0.003512777496517334 392
1675756637162 0.003512777496517334 393
1675756640193 0.003512777496517334 394
1675756643138 0.003512777496517334 395
1675756646141 0.003512777496517334 396
1675756649073 0.003512777496517334 397
1675756651963 0.003512777496517334 398
1675756654758 0.003512777496517334 399
1675756657741 0.003512777496517334 400
1675756660831 0.003512777496517334 401
1675756663746 0.003512777496517334 402
1675756666689 0.003512777496517334 403
1675756669635 0.003512777496517334 404
1675756672507 0.003512777496517334 405
1675756675428 0.003512777496517334 406
1675756678597 0.003512777496517334 407
1675756681674 0.003512777496517334 408
1675756684927 0.003512777496517334 409
1675756687973 0.003512777496517334 410
1675756690942 0.003512777496517334 411
1675756694007 0.003512777496517334 412
1675756697025 0.003512777496517334 413
1675756699972 0.003512777496517334 414
1675756703018 0.003512777496517334 415
1675756706037 0.003512777496517334 416
1675756708804 0.003512777496517334 417
1675756711772 0.003512777496517334 418
1675756714777 0.003512777496517334 419
1675756717728 0.003512777496517334 420
1675756720712 0.003512777496517334 421
1675756723652 0.003512777496517334 422
1675756727065 0.003512777496517334 423
1675756730125 0.003512777496517334 424
1675756733182 0.003512777496517334 425
1675756736753 0.003512777496517334 426
1675756739870 0.003512777496517334 427
1675756742974 0.003512777496517334 428
1675756746289 0.003512777496517334 429
1675756749464 0.003512777496517334 430
1675756752543 0.003512777496517334 431
1675756755593 0.003512777496517334 432
1675756758899 0.003512777496517334 433
1675756761969 0.003512777496517334 434
1675756765014 0.003512777496517334 435
1675756768173 0.003512777496517334 436
1675756771250 0.003512777496517334 437
1675756774373 0.003512777496517334 438
1675756777402 0.003512777496517334 439
1675756780469 0.003512777496517334 440
1675756783666 0.003512777496517334 441
1675756786749 0.003512777496517334 442
1675756789895 0.003512777496517334 443
1675756792811 0.003512777496517334 444
1675756795843 0.003512777496517334 445
1675756798898 0.003512777496517334 446
1675756802152 0.003512777496517334 447
1675756805299 0.003512777496517334 448
1675756808319 0.003512777496517334 449
1675756811442 0.003512777496517334 450
