1675248818571 0.013894730956368978 0
1675248827030 0.021054031156295748 1
1675248835398 0.033504577487346386 2
1675248843681 0.04730398214788532 3
1675248851934 0.05669279807647246 4
1675248860129 0.05922128873301338 5
1675248868273 0.06490344500921788 6
1675248876433 0.06070208211248139 7
1675248884653 0.059520089157778115 8
1675248892753 0.05487649591442276 9
1675248902135 0.06059879707299902 10
1675248910757 0.05684813230847897 11
1675248919589 0.05487693550873575 12
1675248928079 0.05377276374161121 13
1675248936484 0.05731791466810747 14
1675248944769 0.06011319731183855 15
1675248953145 0.059423000282593466 16
1675248961504 0.0580773734303764 17
1675248969886 0.058750978753113595 18
1675248978588 0.05997915076152695 19
1675248987120 0.06129875600843516 20
1675248995266 0.05780363313738907 21
1675249003286 0.06050443026694004 22
1675249011409 0.06111176269462037 23
1675249019575 0.05849950497131444 24
1675249027759 0.05717321379512396 25
1675249035795 0.05603147197087776 26
1675249043924 0.05663677431545559 27
1675249052474 0.06096155027756429 28
