1675248818568 83.931396484375 0
1675248827027 46.80705261230469 1
1675248835395 24.923479080200195 2
1675248843678 16.941783905029297 3
1675248851931 15.727383613586426 4
1675248860127 15.430774688720703 5
1675248868271 15.572810173034668 6
1675248876431 15.355297088623047 7
1675248884651 15.286365509033203 8
1675248892751 15.163433074951172 9
1675248902132 15.103092193603516 10
1675248910755 15.024026870727539 11
1675248919587 14.934918403625488 12
1675248928077 14.837546348571777 13
1675248936481 14.77535629272461 14
1675248944766 14.69342041015625 15
1675248953143 14.618843078613281 16
1675248961502 14.554178237915039 17
1675248969884 14.495944023132324 18
1675248978586 14.451787948608398 19
1675248987118 14.417348861694336 20
1675248995264 14.395740509033203 21
1675249003283 14.374259948730469 22
1675249011407 14.362467765808105 23
1675249019573 14.35529899597168 24
1675249027757 14.351612091064453 25
1675249035793 14.346370697021484 26
1675249043922 14.343171119689941 27
1675249052472 14.34221076965332 28
