1675248818573 0.010911512671936659 0
1675248827032 0.010911512671936659 1
1675248835401 0.010911512671936659 2
1675248843683 0.010911512671936659 3
1675248851936 0.010911512671936659 4
1675248860132 0.010911512671936659 5
1675248868275 0.010911512671936659 6
1675248876436 0.010911512671936659 7
1675248884655 0.010911512671936659 8
1675248892755 0.010911512671936659 9
1675248902137 0.010911512671936659 10
1675248910759 0.010911512671936659 11
1675248919591 0.010911512671936659 12
1675248928082 0.010911512671936659 13
1675248936486 0.010911512671936659 14
1675248944772 0.010911512671936659 15
1675248953148 0.010911512671936659 16
1675248961506 0.010911512671936659 17
1675248969888 0.010911512671936659 18
1675248978590 0.010911512671936659 19
1675248987122 0.010911512671936659 20
1675248995267 0.010911512671936659 21
1675249003288 0.010911512671936659 22
1675249011411 0.010911512671936659 23
1675249019578 0.010911512671936659 24
1675249027761 0.010911512671936659 25
1675249035797 0.010911512671936659 26
1675249043925 0.010911512671936659 27
1675249052477 0.010911512671936659 28
