1675253139067 0.089166956702236 0
1675253156993 0.0886761563215591 1
1675253175483 0.08966409048309709 2
1675253193529 0.08947259374786284 3
1675253211515 0.08769076690646557 4
1675253229413 0.08944904168447425 5
1675253247415 0.08902188520827749 6
1675253264957 0.0884548310546058 7
1675253282693 0.08686105173745372 8
1675253300557 0.08812742348293867 9
1675253318434 0.08940329532869994 10
1675253337110 0.08790878421787829 11
1675253355711 0.08895100343906853 12
1675253374038 0.0859481274416152 13
1675253392562 0.08545243575535168 14
1675253411422 0.08688081514710254 15
1675253429706 0.08648108371162885 16
1675253448047 0.085879168465203 17
1675253466331 0.08512867558197583 18
1675253484341 0.08566321520203554 19
