1675253139065 4404.23095703125 0
1675253156989 4392.9814453125 1
1675253175480 4380.13427734375 2
1675253193527 4366.87109375 3
1675253211512 4353.30908203125 4
1675253229411 4340.68798828125 5
1675253247412 4326.65869140625 6
1675253264955 4312.30859375 7
1675253282690 4297.630859375 8
1675253300555 4282.673828125 9
1675253318432 4266.9072265625 10
1675253337106 4250.701171875 11
1675253355708 4234.1240234375 12
1675253374036 4218.5869140625 13
1675253392559 4201.9013671875 14
1675253411419 4182.77392578125 15
1675253429703 4165.1640625 16
1675253448045 4144.56640625 17
1675253466329 4122.72705078125 18
1675253484339 4099.685546875 19
