1675253139070 0.08959224731748974 0
1675253156996 0.08959224731748974 1
1675253175486 0.08959224731748974 2
1675253193532 0.08959224731748974 3
1675253211518 0.08959224731748974 4
1675253229415 0.08959224731748974 5
1675253247418 0.08959224731748974 6
1675253264959 0.08959224731748974 7
1675253282695 0.08959224731748974 8
1675253300560 0.08959224731748974 9
1675253318437 0.08959224731748974 10
1675253337113 0.08959224731748974 11
1675253355715 0.08959224731748974 12
1675253374041 0.08959224731748974 13
1675253392565 0.08959224731748974 14
1675253411424 0.08959224731748974 15
1675253429709 0.08959224731748974 16
1675253448050 0.08959224731748974 17
1675253466333 0.08959224731748974 18
1675253484345 0.08959224731748974 19
