1675839603429 0.20755333122015182 0
1675839627210 0.20755333122015182 1
1675839650562 0.20755333122015182 2
1675839673760 0.20755333122015182 3
1675839697229 0.20755333122015182 4
1675839720582 0.20755333122015182 5
1675839744086 0.20755333122015182 6
1675839767795 0.20755333122015182 7
1675839791269 0.20755333122015182 8
1675839814957 0.20755333122015182 9
1675839842128 0.20755333122015182 10
1675839865793 0.20755333122015182 11
1675839890842 0.20755333122015182 12
1675839914609 0.20755333122015182 13
1675839938461 0.20755333122015182 14
1675839962380 0.20755333122015182 15
1675839986210 0.20755333122015182 16
1675840009280 0.20755333122015182 17
1675840032617 0.20755333122015182 18
1675840057723 0.20755333122015182 19
