1675839603425 0.6931470632553101 0
1675839627204 0.6931470632553101 1
1675839650557 0.6931470632553101 2
1675839673754 0.6931470632553101 3
1675839697224 0.6931470632553101 4
1675839720577 0.6931470632553101 5
1675839744080 0.6931470632553101 6
1675839767790 0.6931470632553101 7
1675839791265 0.6931470632553101 8
1675839814951 0.6931470632553101 9
1675839842122 0.6931470632553101 10
1675839865788 0.6931470632553101 11
1675839890836 0.6931470632553101 12
1675839914604 0.6931470632553101 13
1675839938457 0.6931470632553101 14
1675839962374 0.6931470632553101 15
1675839986206 0.6931470632553101 16
1675840009275 0.6931470632553101 17
1675840032612 0.6931470632553101 18
1675840057718 0.6931470632553101 19
