1675839603434 0.06752184025681929 0
1675839627215 0.06752184025681929 1
1675839650567 0.06752184025681929 2
1675839673765 0.06752184025681929 3
1675839697234 0.06752184025681929 4
1675839720588 0.06752184025681929 5
1675839744091 0.06752184025681929 6
1675839767801 0.06752184025681929 7
1675839791273 0.06752184025681929 8
1675839814961 0.06752184025681929 9
1675839842133 0.06752184025681929 10
1675839865797 0.06752184025681929 11
1675839890847 0.06752184025681929 12
1675839914614 0.06752184025681929 13
1675839938466 0.06752184025681929 14
1675839962385 0.06752184025681929 15
1675839986214 0.06752184025681929 16
1675840009285 0.06752184025681929 17
1675840032622 0.06752184025681929 18
1675840057728 0.06752184025681929 19
