1675253692486 0.09065547385562414 0
1675253709984 0.0886761563215591 1
1675253727355 0.08842610517473362 2
1675253744634 0.0893096816370523 3
1675253762490 0.08747860229703788 4
1675253780939 0.08839958459855517 5
1675253799227 0.08902188520827749 6
1675253818411 0.0883130675161879 7
1675253838442 0.08792427827558812 8
1675253857184 0.08940329532869994 9
1675253876528 0.08819830525214763 10
1675253895250 0.08848183232898346 11
1675253914719 0.08790878421787829 12
1675253934280 0.08895100343906853 13
1675253952917 0.0859481274416152 14
1675253971329 0.08545243575535168 15
1675253989329 0.08688081514710254 16
1675254007113 0.08563050248112135 17
1675254025448 0.08580828669599405 18
1675254043680 0.08439746541019827 19
1675254061091 0.08566321520203554 20
1675254079751 0.08601762404808035 21
1675254099396 0.0860179065589773 22
1675254118030 0.08597402606414599 23
1675254135527 0.08561045656057557 24
1675254153142 0.08633222356393057 25
1675254170183 0.08388302864253808 26
1675254187610 0.08258091873149531 27
1675254206273 0.08461782928075319 28
1675254223906 0.08347159180309435 29
1675254241032 0.08314197892773348 30
1675254259027 0.08060089492018789 31
1675254276537 0.08081636748515617 32
1675254294862 0.07996674765104704 33
1675254312710 0.07944818278689635 34
