1675253692484 4403.5546875 0
1675253709981 4391.556640625 1
1675253727352 4378.560546875 2
1675253744631 4364.1435546875 3
1675253762488 4349.23583984375 4
1675253780937 4333.86962890625 5
1675253799224 4317.61279296875 6
1675253818408 4301.96826171875 7
1675253838439 4285.02490234375 8
1675253857181 4268.1806640625 9
1675253876524 4251.2421875 10
1675253895247 4233.0166015625 11
1675253914716 4213.38037109375 12
1675253934277 4194.2509765625 13
1675253952913 4176.2880859375 14
1675253971325 4155.0166015625 15
1675253989327 4133.02783203125 16
1675254007111 4110.94384765625 17
1675254025446 4088.090087890625 18
1675254043676 4064.24072265625 19
1675254061089 4037.687744140625 20
1675254079748 4009.696533203125 21
1675254099391 3980.457275390625 22
1675254118028 3945.380859375 23
1675254135524 3905.685302734375 24
1675254153139 3860.623779296875 25
1675254170181 3808.57177734375 26
1675254187608 3749.65869140625 27
1675254206271 3688.320068359375 28
1675254223904 3618.1259765625 29
1675254241030 3543.10107421875 30
1675254259024 3467.697265625 31
1675254276534 3383.56787109375 32
1675254294859 3303.223388671875 33
1675254312707 3229.781494140625 34
