1675253692489 0.08959224731748974 0
1675253709986 0.08959224731748974 1
1675253727359 0.08959224731748974 2
1675253744637 0.08959224731748974 3
1675253762492 0.08959224731748974 4
1675253780942 0.08959224731748974 5
1675253799230 0.08959224731748974 6
1675253818414 0.08959224731748974 7
1675253838447 0.08959224731748974 8
1675253857187 0.08959224731748974 9
1675253876531 0.08959224731748974 10
1675253895253 0.08959224731748974 11
1675253914723 0.08959224731748974 12
1675253934283 0.08959224731748974 13
1675253952920 0.08959224731748974 14
1675253971331 0.08959224731748974 15
1675253989332 0.08959224731748974 16
1675254007117 0.08959224731748974 17
1675254025450 0.08959224731748974 18
1675254043683 0.08959224731748974 19
1675254061093 0.08959224731748974 20
1675254079754 0.08959224731748974 21
1675254099402 0.08959224731748974 22
1675254118033 0.08959224731748974 23
1675254135530 0.08959224731748974 24
1675254153144 0.08959224731748974 25
1675254170186 0.08959224731748974 26
1675254187613 0.08959224731748974 27
1675254206276 0.08959224731748974 28
1675254223909 0.08959224731748974 29
1675254241035 0.08959224731748974 30
1675254259030 0.08959224731748974 31
1675254276539 0.08959224731748974 32
1675254294864 0.08959224731748974 33
1675254312713 0.08959224731748974 34
