1685477519174 0.015618508634373229 0
1685478596367 0.01800971143733018 1
1685479654017 0.015200966773487257 2
1685480726465 0.016389650091095827 3
1685481795177 0.010842122413072097 4
1685482910015 0.010189088175809342 5
1685484079720 0.011253687424750436 6
1685485242509 0.0100487357016441 7
1685486381991 0.007495512287063937 8
1685487547578 0.00930318023709185 9
1685488711829 0.008974796566152533 10
1685489972795 0.010218056474156306 11
1685491258746 0.008405388107906739 12
1685492600771 0.009281736293817273 13
1685493891019 0.010239171173059102 14
