1685477519175 0.03690474126056555 0
1685478596369 0.03690474126056555 1
1685479654020 0.03690474126056555 2
1685480726468 0.03690474126056555 3
1685481795178 0.03690474126056555 4
1685482910018 0.03690474126056555 5
1685484079722 0.03690474126056555 6
1685485242511 0.03690474126056555 7
1685486381994 0.03690474126056555 8
1685487547581 0.03690474126056555 9
1685488711831 0.03690474126056555 10
1685489972797 0.03690474126056555 11
1685491258749 0.03690474126056555 12
1685492600774 0.03690474126056555 13
1685493891021 0.03690474126056555 14
