1685477519168 0.15291762351989746 0
1685478596355 0.14755131304264069 1
1685479654003 0.15195715427398682 2
1685480726453 0.1471496969461441 3
1685481795166 0.14656294882297516 4
1685482910003 0.14843687415122986 5
1685484079711 0.14669634401798248 6
1685485242498 0.14666609466075897 7
1685486381969 0.14920073747634888 8
1685487547568 0.14376014471054077 9
1685488711819 0.15079361200332642 10
1685489972786 0.14250893890857697 11
1685491258726 0.15060335397720337 12
1685492600759 0.14493845403194427 13
1685493891009 0.14397937059402466 14
