1685477519167 0.21638698875904083 0
1685478596353 0.21803194284439087 1
1685479654001 0.21470390260219574 2
1685480726451 0.21209101378917694 3
1685481795165 0.19995293021202087 4
1685482910001 0.19705583155155182 5
1685484079709 0.19544252753257751 6
1685485242495 0.19513125717639923 7
1685486381966 0.19245962798595428 8
1685487547565 0.19513659179210663 9
1685488711817 0.19239559769630432 10
1685489972784 0.18978376686573029 11
1685491258723 0.18960532546043396 12
1685492600757 0.1893416792154312 13
1685493891007 0.1911885291337967 14
