1685477519169 0.06346933543682098 0
1685478596357 0.07048061490058899 1
1685479654006 0.06274674087762833 2
1685480726456 0.06494133919477463 3
1685481795169 0.053389981389045715 4
1685482910006 0.04861895740032196 5
1685484079713 0.04874615743756294 6
1685485242500 0.04846518859267235 7
1685486381977 0.043258894234895706 8
1685487547570 0.051376428455114365 9
1685488711821 0.0416020043194294 10
1685489972789 0.047274813055992126 11
1685491258734 0.03900197148323059 12
1685492600761 0.04440319165587425 13
1685493891011 0.04720914363861084 14
