1675843599945 0.06692050820802622 0
1675843611667 0.06692050820802622 1
1675843631271 0.06692050820802622 2
1675843647419 0.06692050820802622 3
1675843659546 0.06692050820802622 4
1675843663807 0.06692050820802622 5
1675843671906 0.06692050820802622 6
1675843692388 0.06692050820802622 7
1675843706752 0.06692050820802622 8
1675843711613 0.06692050820802622 9
1675843719802 0.06692050820802622 10
1675843723508 0.06692050820802622 11
1675843740369 0.06692050820802622 12
1675843748969 0.06692050820802622 13
1675843760576 0.06692050820802622 14
1675843776171 0.06692050820802622 15
1675843791732 0.06692050820802622 16
1675843795969 0.06692050820802622 17
1675843802970 0.06692050820802622 18
1675843809079 0.06692050820802622 19
