1675843599940 0.6859945058822632 0
1675843611664 0.6727981567382812 1
1675843631266 0.6386550664901733 2
1675843647414 0.6066466569900513 3
1675843659541 0.5712494254112244 4
1675843663804 0.5268437266349792 5
1675843671903 0.47843992710113525 6
1675843692381 0.43497607111930847 7
1675843706747 0.40269336104393005 8
1675843711609 0.3846149742603302 9
1675843719799 0.3753928244113922 10
1675843723505 0.3714596927165985 11
1675843740361 0.3706587255001068 12
1675843748965 0.3697635531425476 13
1675843760573 0.3692277669906616 14
1675843776164 0.3686407208442688 15
1675843791728 0.36903828382492065 16
1675843795965 0.3686720132827759 17
1675843802965 0.36853542923927307 18
1675843809074 0.36833444237709045 19
