1675843599951 0.003512777496517334 0
1675843611672 0.003512777496517334 1
1675843631277 0.003512777496517334 2
1675843647424 0.003512777496517334 3
1675843659551 0.003512777496517334 4
1675843663811 0.003512777496517334 5
1675843671909 0.003512777496517334 6
1675843692395 0.003512777496517334 7
1675843706756 0.003512777496517334 8
1675843711618 0.003512777496517334 9
1675843719806 0.003512777496517334 10
1675843723511 0.003512777496517334 11
1675843740377 0.003512777496517334 12
1675843748974 0.003512777496517334 13
1675843760579 0.003512777496517334 14
1675843776178 0.003512777496517334 15
1675843791737 0.003512777496517334 16
1675843795973 0.003512777496517334 17
1675843802974 0.003512777496517334 18
1675843809086 0.003512777496517334 19
