1684926401062 0.8029085397720337 0
1684926407100 0.7338363528251648 1
1684926413258 0.6457106471061707 2
1684926419012 0.7223531603813171 3
1684926424937 0.8196271061897278 4
1684926430948 0.7384307384490967 5
1684926436899 0.6956763863563538 6
1684926442961 0.6603032350540161 7
1684926449017 0.6684674024581909 8
1684926455083 0.6656650304794312 9
1684926460851 0.7074355483055115 10
1684926466941 0.7416490316390991 11
1684926472739 0.644034206867218 12
1684926478644 0.6348446607589722 13
1684926484593 0.6651812195777893 14
1684926490618 0.6722951531410217 15
1684926496551 0.5669814348220825 16
1684926502534 0.6186192631721497 17
1684926508537 0.6536368727684021 18
1684926514374 0.5733998417854309 19
