1684926401066 0.09300151713758988 0
1684926407103 0.09300151713758988 1
1684926413262 0.09300151713758988 2
1684926419016 0.09300151713758988 3
1684926424940 0.09300151713758988 4
1684926430952 0.09300151713758988 5
1684926436903 0.09300151713758988 6
1684926442965 0.09300151713758988 7
1684926449020 0.09300151713758988 8
1684926455086 0.09300151713758988 9
1684926460855 0.09300151713758988 10
1684926466945 0.09300151713758988 11
1684926472743 0.09300151713758988 12
1684926478648 0.09300151713758988 13
1684926484597 0.09300151713758988 14
1684926490622 0.09300151713758988 15
1684926496555 0.09300151713758988 16
1684926502538 0.09300151713758988 17
1684926508540 0.09300151713758988 18
1684926514378 0.09300151713758988 19
