1684926401066 0.015370961169750263 0
1684926407103 0.016447289221343912 1
1684926413262 0.02742440293565209 2
1684926419016 0.015486963679823624 3
1684926424940 0.015552488907188543 4
1684926430952 0.015793789366566103 5
1684926436902 0.016975491126817524 6
1684926442965 0.02052989184680263 7
1684926449020 0.01893244775734576 8
1684926455086 0.016305609965198486 9
1684926460854 0.015301893008580147 10
1684926466944 0.015047754176166555 11
1684926472742 0.017770670237740763 12
1684926478647 0.019041364399808726 13
1684926484596 0.015084059723654212 14
1684926490622 0.016585425543684147 15
1684926496555 0.025935875488658194 16
1684926502537 0.015991698410845613 17
1684926508540 0.013470234327356112 18
1684926514378 0.016645198265623426 19
