1684926401063 0.8029085397720337 0
1684926407100 0.7338363528251648 1
1684926413259 0.6457106471061707 2
1684926419013 0.7223531603813171 3
1684926424937 0.8196271061897278 4
1684926430949 0.7384307384490967 5
1684926436899 0.6956763863563538 6
1684926442962 0.6603032946586609 7
1684926449017 0.6684674024581909 8
1684926455083 0.6656650304794312 9
1684926460852 0.7074355483055115 10
1684926466942 0.7416490316390991 11
1684926472740 0.6440342664718628 12
1684926478645 0.6348446607589722 13
1684926484594 0.6651811599731445 14
1684926490619 0.6722951531410217 15
1684926496552 0.5669814348220825 16
1684926502534 0.6186192631721497 17
1684926508537 0.6536368727684021 18
1684926514375 0.5733998417854309 19
