1675841266946 0.06692050820802622 0
1675841272620 0.06692050820802622 1
1675841277276 0.06692050820802622 2
1675841281793 0.06692050820802622 3
1675841286259 0.06692050820802622 4
1675841291801 0.06692050820802622 5
1675841296864 0.06692050820802622 6
1675841301727 0.06692050820802622 7
1675841306091 0.06692050820802622 8
1675841312258 0.06692050820802622 9
1675841317342 0.06692050820802622 10
1675841322738 0.06692050820802622 11
1675841327465 0.06692050820802622 12
1675841332148 0.06692050820802622 13
1675841337011 0.06692050820802622 14
1675841341664 0.06692050820802622 15
1675841346004 0.06692050820802622 16
1675841350738 0.06692050820802622 17
1675841355734 0.06692050820802622 18
1675841360895 0.06692050820802622 19
