1675841266942 0.6931501030921936 0
1675841272617 0.6931471824645996 1
1675841277272 0.6931471824645996 2
1675841281789 0.6931471824645996 3
1675841286255 0.6931471824645996 4
1675841291797 0.6931471824645996 5
1675841296861 0.6931471824645996 6
1675841301723 0.6931471824645996 7
1675841306087 0.6931471824645996 8
1675841312253 0.6931471824645996 9
1675841317335 0.6931471824645996 10
1675841322734 0.6931471824645996 11
1675841327461 0.6931471824645996 12
1675841332143 0.6931471824645996 13
1675841337008 0.6931471824645996 14
1675841341661 0.6931471824645996 15
1675841345999 0.6931471824645996 16
1675841350734 0.6931471824645996 17
1675841355730 0.6931471824645996 18
1675841360891 0.6931471824645996 19
