1675841266950 0.003512777496517334 0
1675841272623 0.003512777496517334 1
1675841277279 0.003512777496517334 2
1675841281796 0.003512777496517334 3
1675841286263 0.003512777496517334 4
1675841291805 0.003512777496517334 5
1675841296867 0.003512777496517334 6
1675841301730 0.003512777496517334 7
1675841306094 0.003512777496517334 8
1675841312263 0.003512777496517334 9
1675841317350 0.003512777496517334 10
1675841322742 0.003512777496517334 11
1675841327468 0.003512777496517334 12
1675841332154 0.003512777496517334 13
1675841337015 0.003512777496517334 14
1675841341667 0.003512777496517334 15
1675841346008 0.003512777496517334 16
1675841350742 0.003512777496517334 17
1675841355738 0.003512777496517334 18
1675841360899 0.003512777496517334 19
