1675837884389 0.016129032258064516 0
1675837884611 0.016129032258064516 1
1675837884840 0.016129032258064516 2
1675837885061 0.016129032258064516 3
1675837885283 0.016129032258064516 4
1675837885521 0.016129032258064516 5
1675837885779 0.016129032258064516 6
1675837886007 0.016129032258064516 7
1675837886228 0.016129032258064516 8
1675837886451 0.016129032258064516 9
1675837886678 0.016129032258064516 10
1675837886904 0.016129032258064516 11
1675837887118 0.016129032258064516 12
1675837887323 0.016129032258064516 13
1675837887532 0.016129032258064516 14
1675837887738 0.016129032258064516 15
1675837887943 0.016129032258064516 16
1675837888144 0.016129032258064516 17
1675837888353 0.016129032258064516 18
1675837888568 0.016129032258064516 19
1675837888788 0.016129032258064516 20
1675837889007 0.016129032258064516 21
1675837889226 0.016129032258064516 22
1675837889459 0.016129032258064516 23
1675837889680 0.016129032258064516 24
1675837889919 0.016129032258064516 25
1675837890143 0.016129032258064516 26
1675837890365 0.016129032258064516 27
1675837890583 0.016129032258064516 28
1675837890803 0.016129032258064516 29
1675837891025 0.016129032258064516 30
1675837891251 0.016129032258064516 31
1675837891478 0.016129032258064516 32
1675837891697 0.016129032258064516 33
1675837891917 0.016129032258064516 34
1675837892135 0.016129032258064516 35
1675837892356 0.016129032258064516 36
1675837892577 0.016129032258064516 37
1675837892792 0.016129032258064516 38
1675837893016 0.016129032258064516 39
1675837893271 0.016129032258064516 40
1675837893493 0.016129032258064516 41
1675837893715 0.016129032258064516 42
1675837893935 0.016129032258064516 43
1675837894146 0.016129032258064516 44
1675837894368 0.016129032258064516 45
1675837894595 0.016129032258064516 46
1675837894851 0.016129032258064516 47
1675837895095 0.016129032258064516 48
1675837895326 0.016129032258064516 49
1675837895550 0.016129032258064516 50
1675837895765 0.016129032258064516 51
1675837895984 0.016129032258064516 52
1675837896198 0.016129032258064516 53
1675837896423 0.016129032258064516 54
1675837896639 0.016129032258064516 55
1675837896889 0.016129032258064516 56
1675837897106 0.016129032258064516 57
1675837897328 0.016129032258064516 58
1675837897545 0.016129032258064516 59
1675837897770 0.016129032258064516 60
1675837898000 0.016129032258064516 61
1675837898225 0.016129032258064516 62
1675837898448 0.016129032258064516 63
1675837898675 0.016129032258064516 64
1675837898902 0.016129032258064516 65
1675837899137 0.016129032258064516 66
1675837899368 0.016129032258064516 67
1675837899593 0.016129032258064516 68
1675837899824 0.016129032258064516 69
1675837900047 0.016129032258064516 70
1675837900272 0.016129032258064516 71
1675837900525 0.016129032258064516 72
1675837900754 0.016129032258064516 73
1675837901001 0.016129032258064516 74
1675837901247 0.016129032258064516 75
1675837901481 0.016129032258064516 76
1675837901735 0.016129032258064516 77
1675837901970 0.016129032258064516 78
1675837902188 0.016129032258064516 79
