1675837884385 20.79435920715332 0
1675837884607 20.794151306152344 1
1675837884836 20.793899536132812 2
1675837885056 20.792612075805664 3
1675837885280 20.78973388671875 4
1675837885518 20.787242889404297 5
1675837885776 20.783538818359375 6
1675837886000 20.77771759033203 7
1675837886225 20.769533157348633 8
1675837886448 20.76091957092285 9
1675837886674 20.749113082885742 10
1675837886900 20.734336853027344 11
1675837887114 20.713748931884766 12
1675837887320 20.689441680908203 13
1675837887528 20.658302307128906 14
1675837887735 20.623477935791016 15
1675837887939 20.58449935913086 16
1675837888140 20.537044525146484 17
1675837888349 20.481515884399414 18
1675837888564 20.41257095336914 19
1675837888784 20.323564529418945 20
1675837889003 20.214521408081055 21
1675837889222 20.083852767944336 22
1675837889455 19.936933517456055 23
1675837889676 19.757675170898438 24
1675837889910 19.539003372192383 25
1675837890139 19.269805908203125 26
1675837890360 18.93680191040039 27
1675837890579 18.530439376831055 28
1675837890799 18.030969619750977 29
1675837891022 17.423974990844727 30
1675837891244 16.68730354309082 31
1675837891474 15.811279296875 32
1675837891693 14.800084114074707 33
1675837891913 13.706579208374023 34
1675837892132 12.65536117553711 35
1675837892352 11.805423736572266 36
1675837892574 11.311102867126465 37
1675837892788 11.186585426330566 38
1675837893011 11.069605827331543 39
1675837893267 10.726402282714844 40
1675837893489 10.328574180603027 41
1675837893711 10.238140106201172 42
1675837893931 10.059203147888184 43
1675837894142 9.670416831970215 44
1675837894364 9.512853622436523 45
1675837894591 9.334936141967773 46
1675837894847 8.97740650177002 47
1675837895092 8.593873023986816 48
1675837895323 8.321876525878906 49
1675837895546 7.908001899719238 50
1675837895761 7.459267616271973 51
1675837895981 7.096703052520752 52
1675837896194 6.661908149719238 53
1675837896420 6.149147033691406 54
1675837896635 5.646238327026367 55
1675837896884 5.2014031410217285 56
1675837897102 4.715870380401611 57
1675837897324 4.290590763092041 58
1675837897542 3.9796142578125 59
1675837897767 3.6684677600860596 60
1675837897996 3.4542083740234375 61
1675837898221 3.347027540206909 62
1675837898445 3.2585859298706055 63
1675837898672 3.275556802749634 64
1675837898897 3.283440113067627 65
1675837899134 3.3461568355560303 66
1675837899363 3.378283977508545 67
1675837899590 3.442732095718384 68
1675837899820 3.4713170528411865 69
1675837900043 3.5032615661621094 70
1675837900269 3.47463059425354 71
1675837900522 3.4412856101989746 72
1675837900750 3.374605178833008 73
1675837900997 3.327930450439453 74
1675837901243 3.2827658653259277 75
1675837901478 3.2495431900024414 76
1675837901731 3.219381332397461 77
1675837901967 3.193352222442627 78
1675837902184 3.1821401119232178 79
