1675837884392 0.0 0
1675837884616 0.0 1
1675837884844 0.0 2
1675837885066 0.0 3
1675837885287 0.0 4
1675837885524 0.0 5
1675837885782 0.0 6
1675837886012 0.0 7
1675837886231 0.0 8
1675837886456 0.0 9
1675837886681 0.0 10
1675837886908 0.0 11
1675837887121 0.0 12
1675837887325 0.0 13
1675837887535 0.0 14
1675837887742 0.0 15
1675837887948 0.0 16
1675837888148 0.0 17
1675837888357 0.0 18
1675837888571 0.0 19
1675837888792 0.0 20
1675837889012 0.0 21
1675837889228 0.0 22
1675837889462 0.0 23
1675837889684 0.0 24
1675837889923 0.0 25
1675837890147 0.0 26
1675837890369 0.0 27
1675837890587 0.0 28
1675837890807 0.0 29
1675837891028 0.0 30
1675837891255 0.0 31
1675837891481 0.0 32
1675837891700 0.0 33
1675837891920 0.0 34
1675837892139 0.0 35
1675837892359 0.0 36
1675837892580 0.0 37
1675837892796 0.0 38
1675837893020 0.0 39
1675837893275 0.0 40
1675837893497 0.0 41
1675837893719 0.0 42
1675837893938 0.0 43
1675837894150 0.0 44
1675837894372 0.0 45
1675837894599 0.0 46
1675837894857 0.0 47
1675837895099 0.0 48
1675837895329 0.0 49
1675837895554 0.0 50
1675837895769 0.0 51
1675837895987 0.0 52
1675837896201 0.0 53
1675837896426 0.0 54
1675837896661 0.0 55
1675837896893 0.0 56
1675837897110 0.0 57
1675837897330 0.0 58
1675837897549 0.0 59
1675837897773 0.0 60
1675837898005 0.0 61
1675837898228 0.0 62
1675837898453 0.0 63
1675837898679 0.0 64
1675837898907 0.0 65
1675837899141 0.0 66
1675837899371 0.0 67
1675837899597 0.0 68
1675837899827 0.0 69
1675837900051 0.0 70
1675837900276 0.0 71
1675837900528 0.0 72
1675837900758 0.0 73
1675837901005 0.0 74
1675837901250 0.0 75
1675837901485 0.0 76
1675837901740 0.0 77
1675837901974 0.0 78
1675837902191 0.0 79
