1675171140641 0.06540604686452746 0
1675171167284 0.06359362828231499 1
1675171192764 0.06301223965463411 2
1675171218129 0.05908795758931806 3
1675171244722 0.056395327432181265 4
1675171270769 0.04803659588582797 5
1675171297451 0.038425403301653505 6
1675171323953 0.032143334702898894 7
1675171349907 0.03249774354894369 8
1675171377163 0.03149058360780986 9
1675171403424 0.030503328331773306 10
1675171428906 0.029448979940267572 11
1675171453731 0.02972555166327152 12
1675171478367 0.031380231951157044 13
1675171503498 0.030966646739873337 14
1675171528102 0.03007031915359151 15
1675171554401 0.030493545720600018 16
1675171579861 0.029838108623618062 17
1675171604820 0.030073005155484427 18
1675171630733 0.030803734629062794 19
