1675171140638 4404.4052734375 0
1675171167280 4272.8779296875 1
1675171192761 4104.708984375 2
1675171218126 3855.041015625 3
1675171244718 3468.95654296875 4
1675171270767 2934.46728515625 5
1675171297448 2330.4462890625 6
1675171323950 2240.165771484375 7
1675171349904 1986.54345703125 8
1675171377160 1739.3614501953125 9
1675171403421 1622.4605712890625 10
1675171428902 1564.758544921875 11
1675171453729 1510.033447265625 12
1675171478365 1486.07568359375 13
1675171503495 1468.125 14
1675171528098 1462.4949951171875 15
1675171554398 1455.6468505859375 16
1675171579858 1455.2552490234375 17
1675171604817 1456.66064453125 18
1675171630729 1454.8699951171875 19
