1675175298928 0.06540604686452746 0
1675175327924 0.06343719082713714 1
1675175356140 0.06287881663279189 2
1675175383802 0.05759206131575259 3
1675175410881 0.05434360171071498 4
1675175438156 0.04780817400959429 5
1675175465136 0.03635948436162649 6
1675175491193 0.030803734629062794 7
1675175517740 0.03169895956349776 8
1675175543829 0.03264660369664198 9
1675175571502 0.03270770285467765 10
1675175596964 0.029841416579158647 11
1675175621542 0.030573588147334595 12
1675175645932 0.031468332383570365 13
1675175671245 0.03041129799017172 14
1675175695959 0.030001020734428605 15
1675175720545 0.030197550030697975 16
1675175745560 0.030416669993957552 17
1675175770572 0.03009367302967786 18
1675175796242 0.029889566425928923 19
1675175821935 0.03061540459392065 20
1675175847584 0.030410195338324855 21
1675175872993 0.0307121849856604 22
1675175899102 0.031095941665225054 23
1675175925171 0.029054479253131246 24
1675175950866 0.03116145143064818 25
1675175975745 0.031590671955090195 26
1675176000064 0.030207332641871264 27
1675176024368 0.029584890776700463 28
1675176048814 0.03055795283417628 29
1675176073335 0.030181292763891997 30
1675176099265 0.029840313927311783 31
1675176125126 0.031224755892377578 32
1675176153175 0.030212082692009427 33
1675176180061 0.031028848549755877 34
1675176204741 0.030672715098216546 35
1675176229715 0.03113982216005636 36
1675176255157 0.03017908746019827 37
1675176280879 0.03135246746768324 38
1675176306610 0.031103518972704615 39
1675176332424 0.03038856606773304 40
1675176359722 0.030225653956922494 41
1675176386371 0.030353365532228154 42
1675176411300 0.03101479658664362 43
1675176436981 0.029978288811989925 44
1675176466600 0.030195344727004254 45
1675176496115 0.03026243784247343 46
1675176522113 0.030143886924693386 47
1675176547209 0.03072685890242033 48
1675176572648 0.02976612420256224 49
1675176598498 0.030358878791462467 50
1675176623897 0.03092924090067473 51
1675176648808 0.029939921576392928 52
1675176675305 0.03160630726824851 53
1675176701065 0.03070081902444106 54
1675176726067 0.03027270115184591 55
1675176750748 0.030183978765784915 56
1675176775047 0.03050649503186541 57
1675176799426 0.029584890776700463 58
1675176826514 0.031874820985573704 59
1675176851737 0.029538324279976238 60
