1675175298925 4404.4052734375 0
1675175327921 4270.7275390625 1
1675175356137 4119.8466796875 2
1675175383799 3855.880615234375 3
1675175410877 3454.9404296875 4
1675175438153 2868.912353515625 5
1675175465133 2448.5595703125 6
1675175491190 2332.67724609375 7
1675175517737 2012.214599609375 8
1675175543826 1717.7724609375 9
1675175571500 1574.8443603515625 10
1675175596961 1535.910888671875 11
1675175621539 1514.7349853515625 12
1675175645929 1488.7652587890625 13
1675175671242 1474.4442138671875 14
1675175695956 1473.75634765625 15
1675175720543 1468.30859375 16
1675175745557 1463.5758056640625 17
1675175770570 1462.0028076171875 18
1675175796239 1459.5770263671875 19
1675175821933 1460.951904296875 20
1675175847581 1461.2098388671875 21
1675175872990 1463.394287109375 22
1675175899099 1465.146484375 23
1675175925168 1501.177490234375 24
1675175950863 1455.52783203125 25
1675175975742 1468.1707763671875 26
1675176000061 1455.93505859375 27
1675176024365 1454.1998291015625 28
1675176048811 1465.93505859375 29
1675176073332 1469.2384033203125 30
1675176099262 1458.0439453125 31
1675176125123 1458.363037109375 32
1675176153172 1456.4345703125 33
1675176180059 1453.1827392578125 34
1675176204738 1453.1195068359375 35
1675176229713 1448.97900390625 36
1675176255154 1449.5234375 37
1675176280876 1450.3656005859375 38
1675176306607 1450.07958984375 39
1675176332421 1450.345703125 40
1675176359720 1449.541259765625 41
1675176386367 1447.8148193359375 42
1675176411298 1447.4918212890625 43
1675176436978 1446.581787109375 44
1675176466596 1447.7960205078125 45
1675176496112 1447.3350830078125 46
1675176522110 1446.802978515625 47
1675176547207 1445.962890625 48
1675176572645 1448.9588623046875 49
1675176598495 1444.9334716796875 50
1675176623894 1443.45849609375 51
1675176648805 1443.365478515625 52
1675176675302 1442.1123046875 53
1675176701062 1441.729736328125 54
1675176726064 1445.03173828125 55
1675176750745 1442.7679443359375 56
1675176775045 1451.30810546875 57
1675176799423 1467.125 58
1675176826511 1498.5306396484375 59
1675176851735 1466.328125 60
