1675175298931 0.06752184025681929 0
1675175327927 0.06752184025681929 1
1675175356143 0.06752184025681929 2
1675175383806 0.06752184025681929 3
1675175410884 0.06752184025681929 4
1675175438158 0.06752184025681929 5
1675175465139 0.06752184025681929 6
1675175491195 0.06752184025681929 7
1675175517742 0.06752184025681929 8
1675175543832 0.06752184025681929 9
1675175571505 0.06752184025681929 10
1675175596966 0.06752184025681929 11
1675175621544 0.06752184025681929 12
1675175645935 0.06752184025681929 13
1675175671248 0.06752184025681929 14
1675175695961 0.06752184025681929 15
1675175720547 0.06752184025681929 16
1675175745563 0.06752184025681929 17
1675175770575 0.06752184025681929 18
1675175796245 0.06752184025681929 19
1675175821938 0.06752184025681929 20
1675175847588 0.06752184025681929 21
1675175872995 0.06752184025681929 22
1675175899104 0.06752184025681929 23
1675175925174 0.06752184025681929 24
1675175950869 0.06752184025681929 25
1675175975748 0.06752184025681929 26
1675176000067 0.06752184025681929 27
1675176024371 0.06752184025681929 28
1675176048817 0.06752184025681929 29
1675176073338 0.06752184025681929 30
1675176099268 0.06752184025681929 31
1675176125130 0.06752184025681929 32
1675176153179 0.06752184025681929 33
1675176180064 0.06752184025681929 34
1675176204744 0.06752184025681929 35
1675176229717 0.06752184025681929 36
1675176255159 0.06752184025681929 37
1675176280883 0.06752184025681929 38
1675176306612 0.06752184025681929 39
1675176332426 0.06752184025681929 40
1675176359724 0.06752184025681929 41
1675176386375 0.06752184025681929 42
1675176411303 0.06752184025681929 43
1675176436984 0.06752184025681929 44
1675176466604 0.06752184025681929 45
1675176496119 0.06752184025681929 46
1675176522115 0.06752184025681929 47
1675176547212 0.06752184025681929 48
1675176572651 0.06752184025681929 49
1675176598501 0.06752184025681929 50
1675176623899 0.06752184025681929 51
1675176648811 0.06752184025681929 52
1675176675308 0.06752184025681929 53
1675176701068 0.06752184025681929 54
1675176726071 0.06752184025681929 55
1675176750751 0.06752184025681929 56
1675176775050 0.06752184025681929 57
1675176799428 0.06752184025681929 58
1675176826517 0.06752184025681929 59
1675176851739 0.06752184025681929 60
