1675846952159 0.06752184025681929 0
1675846976028 0.06752184025681929 1
1675847001366 0.06752184025681929 2
1675847027162 0.06752184025681929 3
1675847054290 0.06752184025681929 4
1675847082275 0.06752184025681929 5
1675847109904 0.06752184025681929 6
1675847140504 0.06752184025681929 7
1675847168482 0.06752184025681929 8
1675847197096 0.06752184025681929 9
1675847224846 0.06752184025681929 10
1675847251447 0.06752184025681929 11
1675847276381 0.06752184025681929 12
1675847303106 0.06752184025681929 13
1675847328001 0.06752184025681929 14
1675847356706 0.06752184025681929 15
1675847381739 0.06752184025681929 16
1675847405532 0.06752184025681929 17
1675847431488 0.06752184025681929 18
1675847457562 0.06752184025681929 19
