1675846952153 0.6931470632553101 0
1675846976022 0.6931470632553101 1
1675847001361 0.6931470632553101 2
1675847027156 0.6931470632553101 3
1675847054284 0.6931470632553101 4
1675847082271 0.6931470632553101 5
1675847109898 0.6931470632553101 6
1675847140495 0.6931470632553101 7
1675847168472 0.6931470632553101 8
1675847197090 0.6931470632553101 9
1675847224840 0.6931470632553101 10
1675847251441 0.6931470632553101 11
1675847276376 0.6931470632553101 12
1675847303100 0.6931470632553101 13
1675847327995 0.6931470632553101 14
1675847356701 0.6931470632553101 15
1675847381734 0.6931470632553101 16
1675847405526 0.6931470632553101 17
1675847431484 0.6931470632553101 18
1675847457557 0.6931470632553101 19
