1675846952165 0.06752184025681929 0
1675846976034 0.06752184025681929 1
1675847001373 0.06752184025681929 2
1675847027169 0.06752184025681929 3
1675847054295 0.06752184025681929 4
1675847082279 0.06752184025681929 5
1675847109910 0.06752184025681929 6
1675847140515 0.06752184025681929 7
1675847168492 0.06752184025681929 8
1675847197102 0.06752184025681929 9
1675847224853 0.06752184025681929 10
1675847251453 0.06752184025681929 11
1675847276385 0.06752184025681929 12
1675847303112 0.06752184025681929 13
1675847328007 0.06752184025681929 14
1675847356712 0.06752184025681929 15
1675847381746 0.06752184025681929 16
1675847405538 0.06752184025681929 17
1675847431493 0.06752184025681929 18
1675847457569 0.06752184025681929 19
