1675860503197 1.0000000027478357 0
1675860521753 1.0000000027478357 1
1675860540341 1.0000000027478357 2
1675860559479 1.0000000027478357 3
1675860579515 1.0000000027478357 4
1675860604486 1.0000000027478357 5
1675860632282 1.0000000027478357 6
1675860655561 1.0000000027478357 7
1675860674359 1.0000000027478357 8
1675860693792 1.0000000027478357 9
1675860722643 1.0000000027478357 10
1675860743769 1.0000000027478357 11
1675860766852 1.0000000027478357 12
1675860796478 1.0000000027478357 13
1675860822589 1.0000000027478357 14
1675860841593 1.0000000027478357 15
1675860863556 1.0000000027478357 16
1675860883871 1.0000000027478357 17
1675860902483 1.0000000027478357 18
1675860921056 1.0000000027478357 19
1675860939948 1.0000000027478357 20
1675860958975 1.0000000027478357 21
1675860977963 1.0000000027478357 22
1675860997025 1.0000000027478357 23
1675861015751 1.0000000027478357 24
1675861034799 1.0000000027478357 25
1675861053164 1.0000000027478357 26
1675861071764 1.0000000027478357 27
1675861090478 1.0000000027478357 28
1675861109313 1.0000000027478357 29
