1675860503189 0.06752184025681929 0
1675860521745 0.06752184025681929 1
1675860540332 0.06752184025681929 2
1675860559471 0.06752184025681929 3
1675860579506 0.06752184025681929 4
1675860604476 0.06752184025681929 5
1675860632270 0.06752184025681929 6
1675860655554 0.06752184025681929 7
1675860674350 0.06752184025681929 8
1675860693783 0.06752184025681929 9
1675860722633 0.06752184025681929 10
1675860743758 0.06752184025681929 11
1675860766840 0.06752184025681929 12
1675860796466 0.06752184025681929 13
1675860822582 0.06752184025681929 14
1675860841585 0.06752184025681929 15
1675860863547 0.06752184025681929 16
1675860883864 0.06752184025681929 17
1675860902475 0.06752184025681929 18
1675860921048 0.06752184025681929 19
1675860939938 0.06752184025681929 20
1675860958968 0.06752184025681929 21
1675860977954 0.06752184025681929 22
1675860997014 0.06752184025681929 23
1675861015741 0.06752184025681929 24
1675861034792 0.06752184025681929 25
1675861053156 0.06752184025681929 26
1675861071756 0.06752184025681929 27
1675861090470 0.06752184025681929 28
1675861109293 0.06752184025681929 29
