1675860503185 4417.626953125 0
1675860521742 4417.626953125 1
1675860540327 4417.626953125 2
1675860559467 4417.626953125 3
1675860579500 4417.626953125 4
1675860604472 4417.626953125 5
1675860632264 4417.626953125 6
1675860655550 4417.626953125 7
1675860674346 4417.626953125 8
1675860693779 4417.626953125 9
1675860722628 4417.626953125 10
1675860743753 4417.626953125 11
1675860766834 4417.626953125 12
1675860796460 4417.626953125 13
1675860822579 4417.626953125 14
1675860841581 4417.626953125 15
1675860863542 4417.626953125 16
1675860883860 4417.626953125 17
1675860902471 4417.626953125 18
1675860921043 4417.626953125 19
1675860939933 4417.626953125 20
1675860958964 4417.626953125 21
1675860977950 4417.626953125 22
1675860997009 4417.626953125 23
1675861015735 4417.626953125 24
1675861034789 4417.626953125 25
1675861053152 4417.626953125 26
1675861071752 4417.626953125 27
1675861090466 4417.626953125 28
1675861109289 4417.626953125 29
