1675860503193 0.06752184025681929 0
1675860521749 0.06752184025681929 1
1675860540336 0.06752184025681929 2
1675860559475 0.06752184025681929 3
1675860579511 0.06752184025681929 4
1675860604481 0.06752184025681929 5
1675860632276 0.06752184025681929 6
1675860655558 0.06752184025681929 7
1675860674355 0.06752184025681929 8
1675860693788 0.06752184025681929 9
1675860722638 0.06752184025681929 10
1675860743764 0.06752184025681929 11
1675860766846 0.06752184025681929 12
1675860796472 0.06752184025681929 13
1675860822585 0.06752184025681929 14
1675860841589 0.06752184025681929 15
1675860863552 0.06752184025681929 16
1675860883867 0.06752184025681929 17
1675860902479 0.06752184025681929 18
1675860921052 0.06752184025681929 19
1675860939943 0.06752184025681929 20
1675860958971 0.06752184025681929 21
1675860977958 0.06752184025681929 22
1675860997019 0.06752184025681929 23
1675861015746 0.06752184025681929 24
1675861034795 0.06752184025681929 25
1675861053160 0.06752184025681929 26
1675861071760 0.06752184025681929 27
1675861090474 0.06752184025681929 28
1675861109310 0.06752184025681929 29
