1673435894079 0.690217912197113 0
1673435917198 0.6839218139648438 1
1673435940025 0.6753939390182495 2
1673435962588 0.662612795829773 3
1673435985127 0.6441472172737122 4
1673436007893 0.6142538785934448 5
1673436030176 0.5743051171302795 6
1673436052009 0.5418698191642761 7
1673436072789 0.5131076574325562 8
1673436094609 0.49064314365386963 9
1673436115560 0.4779934585094452 10
1673436136357 0.4727024435997009 11
1673436157479 0.4694047272205353 12
1673436179316 0.471118688583374 13
1673436201080 0.4689113199710846 14
