1675761604311 0.06420450599896421 0
1675761624398 0.06633440828622206 1
1675761644260 0.06555663161772028 2
1675761664163 0.06528164324476239 3
1675761683971 0.06574812835295453 4
1675761703735 0.06574812835295453 5
1675761723598 0.06514194375458972 6
1675761745451 0.06472216639857027 7
1675761766175 0.06507657524461506 8
1675761786865 0.06611404441566715 9
1675761807030 0.06468476055937167 10
1675761827445 0.06582514533504548 11
1675761847571 0.0649337090543503 12
1675761867857 0.06560808942003114 13
1675761888006 0.06527137993538991 14
1675761908620 0.06484608932013615 15
1675761929307 0.06470432578171824 16
1675761949811 0.06588748840037649 17
1675761970721 0.0656244879422856 18
1675761991092 0.0656244879422856 19
1675762011424 0.0639922570659418 20
1675762031340 0.064129694320567 21
1675762051184 0.064863449238789 22
1675762071679 0.06428378521660265 23
1675762092703 0.06295727570948041 24
1675762113088 0.06406658804613984 25
1675762132888 0.06335777035405024 26
1675762152602 0.0648883864649214 27
1675762172544 0.06300398346165312 28
1675762192416 0.06397387881903682 29
1675762212381 0.06463440540890766 30
1675762232228 0.06513057779337038 31
1675762253297 0.06562675017783309 32
1675762274497 0.06406735125523598 33
1675762294637 0.06421180079554682 34
1675762314775 0.06460251282894336 35
1675762334646 0.06531133052103295 36
1675762354502 0.06421055688825147 37
1675762374548 0.06505149676303419 38
1675762394405 0.06343402412704503 39
1675762414260 0.06132580804223276 40
1675762434487 0.06146757158065068 41
1675762454916 0.06353521512617223 42
1675762473133 0.06408174266109895 43
1675762490264 0.06462352014588751 44
1675762507549 0.06266809411796179 45
1675762524783 0.062384567041125945 46
1675762542196 0.06302250296400658 47
1675762559431 0.06377217570628385 48
1675762576643 0.06248940543854445 49
1675762594000 0.06299929034336871 50
1675762611505 0.06299929034336871 51
1675762628791 0.06330376780529494 52
1675762646207 0.06422523080501141 53
1675762663518 0.062008528924489326 54
1675762681033 0.06190623527351526 55
1675762698357 0.0628985800424407 56
1675762715659 0.06304034358085861 57
1675762732907 0.06247328942718694 58
1675762750215 0.0624203895302785 59
1675762768755 0.06263303483790537 60
1675762787140 0.062456070763982574 61
1675762805736 0.06142128759482341 62
1675762824121 0.06197821969457109 63
1675762842619 0.06183046219871966 64
1675762861094 0.061444980913660484 65
1675762879520 0.06205922351770404 66
1675762898001 0.062342750594539885 67
1675762916608 0.062342750594539885 68
1675762935101 0.0628389229790026 69
1675762953756 0.06242906948960492 70
1675762972378 0.062263330121452985 71
