1675761604308 4411.9814453125 0
1675761624394 4406.53955078125 1
1675761644257 4401.1064453125 2
1675761664159 4395.67822265625 3
1675761683967 4390.2578125 4
1675761703732 4384.84521484375 5
1675761723594 4379.439453125 6
1675761745446 4374.03955078125 7
1675761766171 4368.6494140625 8
1675761786862 4363.26318359375 9
1675761807026 4357.88818359375 10
1675761827442 4352.5205078125 11
1675761847568 4347.15673828125 12
1675761867853 4341.8046875 13
1675761888003 4336.45751953125 14
1675761908617 4331.12060546875 15
1675761929303 4325.79052734375 16
1675761949807 4320.4716796875 17
1675761970718 4315.15771484375 18
1675761991088 4309.853515625 19
1675762011421 4304.55615234375 20
1675762031337 4299.267578125 21
1675762051181 4293.98828125 22
1675762071676 4288.71728515625 23
1675762092699 4283.45458984375 24
1675762113085 4278.201171875 25
1675762132886 4272.955078125 26
1675762152599 4267.71875 27
1675762172541 4262.49169921875 28
1675762192412 4257.2724609375 29
1675762212378 4252.0615234375 30
1675762232225 4246.861328125 31
1675762253293 4241.6708984375 32
1675762274494 4236.48681640625 33
1675762294634 4231.3134765625 34
1675762314772 4226.14794921875 35
1675762334643 4220.99072265625 36
1675762354499 4215.84375 37
1675762374545 4210.70654296875 38
1675762394401 4205.578125 39
1675762414257 4200.45751953125 40
1675762434484 4195.3466796875 41
1675762454913 4190.24609375 42
1675762473130 4185.1533203125 43
1675762490262 4180.06884765625 44
1675762507546 4174.9951171875 45
1675762524781 4169.93017578125 46
1675762542193 4164.87548828125 47
1675762559429 4159.82763671875 48
1675762576640 4154.78955078125 49
1675762593997 4149.76123046875 50
1675762611503 4144.74365234375 51
1675762628788 4139.732421875 52
1675762646204 4134.7314453125 53
1675762663516 4129.740234375 54
1675762681029 4124.7587890625 55
1675762698354 4119.78466796875 56
1675762715656 4114.81982421875 57
1675762732905 4109.86474609375 58
1675762750213 4104.91943359375 59
1675762768752 4099.9814453125 60
1675762787136 4095.0537109375 61
1675762805733 4090.13623046875 62
1675762824118 4085.2265625 63
1675762842616 4080.3251953125 64
1675762861091 4075.433837890625 65
1675762879517 4070.553955078125 66
1675762897998 4065.677001953125 67
1675762916605 4060.813232421875 68
1675762935099 4055.9609375 69
1675762953753 4051.115234375 70
1675762972375 4046.275146484375 71
