1675761604315 0.06752184025681929 0
1675761624401 0.06752184025681929 1
1675761644263 0.06752184025681929 2
1675761664166 0.06752184025681929 3
1675761683973 0.06752184025681929 4
1675761703738 0.06752184025681929 5
1675761723601 0.06752184025681929 6
1675761745455 0.06752184025681929 7
1675761766179 0.06752184025681929 8
1675761786868 0.06752184025681929 9
1675761807033 0.06752184025681929 10
1675761827448 0.06752184025681929 11
1675761847574 0.06752184025681929 12
1675761867860 0.06752184025681929 13
1675761888010 0.06752184025681929 14
1675761908623 0.06752184025681929 15
1675761929310 0.06752184025681929 16
1675761949814 0.06752184025681929 17
1675761970724 0.06752184025681929 18
1675761991096 0.06752184025681929 19
1675762011427 0.06752184025681929 20
1675762031344 0.06752184025681929 21
1675762051187 0.06752184025681929 22
1675762071681 0.06752184025681929 23
1675762092707 0.06752184025681929 24
1675762113091 0.06752184025681929 25
1675762132892 0.06752184025681929 26
1675762152606 0.06752184025681929 27
1675762172547 0.06752184025681929 28
1675762192419 0.06752184025681929 29
1675762212384 0.06752184025681929 30
1675762232231 0.06752184025681929 31
1675762253302 0.06752184025681929 32
1675762274501 0.06752184025681929 33
1675762294640 0.06752184025681929 34
1675762314778 0.06752184025681929 35
1675762334649 0.06752184025681929 36
1675762354505 0.06752184025681929 37
1675762374552 0.06752184025681929 38
1675762394408 0.06752184025681929 39
1675762414265 0.06752184025681929 40
1675762434490 0.06752184025681929 41
1675762454919 0.06752184025681929 42
1675762473135 0.06752184025681929 43
1675762490267 0.06752184025681929 44
1675762507552 0.06752184025681929 45
1675762524786 0.06752184025681929 46
1675762542198 0.06752184025681929 47
1675762559433 0.06752184025681929 48
1675762576645 0.06752184025681929 49
1675762594003 0.06752184025681929 50
1675762611508 0.06752184025681929 51
1675762628793 0.06752184025681929 52
1675762646209 0.06752184025681929 53
1675762663521 0.06752184025681929 54
1675762681035 0.06752184025681929 55
1675762698360 0.06752184025681929 56
1675762715663 0.06752184025681929 57
1675762732909 0.06752184025681929 58
1675762750218 0.06752184025681929 59
1675762768758 0.06752184025681929 60
1675762787143 0.06752184025681929 61
1675762805740 0.06752184025681929 62
1675762824123 0.06752184025681929 63
1675762842622 0.06752184025681929 64
1675762861096 0.06752184025681929 65
1675762879524 0.06752184025681929 66
1675762898003 0.06752184025681929 67
1675762916611 0.06752184025681929 68
1675762935104 0.06752184025681929 69
1675762953759 0.06752184025681929 70
1675762972381 0.06752184025681929 71
