1675756908030 0.0026020892687559356 0
1675756910973 0.003794180911836994 1
1675756913913 0.00416048127813736 2
1675756919771 0.003919281561557985 3
1675756922884 0.002373672698875951 4
1675756925935 0.002797813448219952 5
1675756928975 0.003794180911836994 6
1675756931998 0.0046071890419182955 7
1675756934897 0.0033010100972499347 8
1675756937888 0.004037711879719434 9
1675756940731 0.003512777496517334 10
1675756943704 0.003512777496517334 11
1675756946684 0.003148903274689438 12
1675756949823 0.002925340242413413 13
1675756952827 0.0036363878717000364 14
1675756955800 0.004178021820612286 15
1675756958752 0.002541976326299075 16
1675756961969 0.0047578559850380685 17
1675756965273 0.002739973065176317 18
1675756968651 0.003427880545536628 19
1675756971892 0.005527219112124772 20
1675756975120 0.0037518189108996357 21
1675756978369 0.0049910299506935865 22
1675756981686 0.0037340679693801337 23
1675756985189 0.003836028470174812 24
1675756988399 0.005300427052543519 25
1675756991690 0.0053739794876065386 26
1675756995092 0.005189026689570829 27
1675756998591 0.00397226840699766 28
1675757001892 0.002757609749479668 29
1675757005067 0.002961263538039117 30
1675757008165 0.003455090698532944 31
1675757011223 0.007078695423533589 32
1675757014471 0.0050455656959722 33
1675757017705 0.005020608804931553 34
1675757020883 0.00354484118711761 35
1675757024096 0.004594195496174328 36
1675757027217 0.0027929599106159926 37
1675757030347 0.002697496807022808 38
1675757033506 0.004259002352582234 39
1675757036689 0.004598748911793051 40
1675757039937 0.0051010162024121225 41
1675757043195 0.0044267328455159785 42
1675757046333 0.004968462936256654 43
1675757049396 0.004951735332880831 44
1675757052491 0.007003985548554845 45
1675757055614 0.0032338002256701442 46
1675757058920 0.004863472110701363 47
1675757061962 0.004945495721688389 48
1675757065181 0.004147698131437969 49
1675757068434 0.003941587781852777 50
1675757071632 0.006525867431947313 51
1675757074916 0.005794254213037346 52
1675757078162 0.008016062056058182 53
1675757081364 0.005525633944417077 54
1675757084535 0.005602736704132623 55
1675757087595 0.007715909793229512 56
1675757090742 0.006464766975799686 57
1675757093839 0.0070809891583088775 58
1675757096878 0.006451741862394914 59
1675757100098 0.0073614425764655465 60
1675757103029 0.006491531181933811 61
1675757105847 0.008247646917688336 62
1675757108814 0.007547382888192023 63
1675757111851 0.004433444563331777 64
1675757114844 0.004650259609923246 65
1675757117828 0.006110971521624574 66
1675757120785 0.007617069299341848 67
1675757123690 0.00780073517375059 68
1675757126555 0.008227973169948126 69
1675757129505 0.008049480252586136 70
1675757132514 0.004924158187647603 71
1675757135543 0.0059426678942014486 72
1675757138608 0.005370113463693344 73
1675757141823 0.006424321310354021 74
1675757145038 0.0066486580057273014 75
1675757148166 0.0070029950267309895 76
1675757151252 0.008262309419961627 77
1675757154304 0.007311575335311298 78
1675757157182 0.008009110090216815 79
1675757160083 0.007511422127879791 80
1675757162992 0.007780729788205588 81
1675757165907 0.00988632425531064 82
1675757168898 0.008882471410780544 83
1675757171832 0.007165179368285251 84
1675757174827 0.009429654571046617 85
1675757177768 0.008318342487911785 86
1675757180711 0.007654615227361775 87
1675757183690 0.007385994958741506 88
1675757186622 0.009040746274073856 89
1675757189527 0.007288499491919417 90
1675757192397 0.00812446314006902 91
1675757195407 0.009311296293365589 92
1675757198285 0.008118554775106777 93
1675757201252 0.009331291017978659 94
1675757204189 0.008845357198711507 95
1675757207133 0.007687692829084875 96
1675757210096 0.009122647345800398 97
1675757212971 0.009916142969700531 98
1675757216019 0.007562558919628215 99
1675757219357 0.006247867804354189 100
1675757222730 0.007905136575492034 101
1675757225858 0.010684685109613741 102
1675757229065 0.007620520944053655 103
1675757232222 0.008883238603148788 104
1675757235311 0.009226960258512261 105
1675757238407 0.007505166175521635 106
1675757241519 0.010550714724071026 107
1675757244722 0.0069406417008882485 108
1675757247887 0.01196327357601625 109
1675757251061 0.009649357998297213 110
1675757253898 0.011074964723700688 111
1675757256731 0.00820162334301539 112
1675757259595 0.011186163644628861 113
1675757262497 0.009440336348774721 114
1675757265324 0.011924768171971233 115
1675757268125 0.010681153209776388 116
1675757270993 0.00900168526247595 117
1675757273707 0.01135660316497592 118
1675757276390 0.010119561732304405 119
1675757279069 0.009799198669285263 120
1675757281943 0.00956440201939427 121
1675757284615 0.00810320234671661 122
1675757287289 0.011280546152677191 123
1675757290040 0.011324230194002742 124
1675757292799 0.012798587926392341 125
1675757295455 0.011254646869132103 126
1675757298132 0.00926610793677744 127
1675757300915 0.009624893595045803 128
1675757303767 0.01096529976932945 129
1675757306557 0.010641313546981172 130
1675757309369 0.012444317589810686 131
1675757312281 0.0076678127532625534 132
1675757315141 0.010675328499647373 133
1675757317965 0.009589994080979622 134
1675757320824 0.010211706849541985 135
1675757323618 0.009452351781243826 136
1675757326453 0.011692639004012602 137
1675757329307 0.01319435210328606 138
1675757332243 0.012429095539018909 139
1675757335162 0.012896488293553715 140
1675757337978 0.011850417446899958 141
1675757340897 0.01194849008123137 142
1675757343745 0.011425677165634519 143
1675757346510 0.011223610422687274 144
1675757349297 0.010815004988675336 145
1675757352223 0.011716993234909052 146
1675757355113 0.01235461567694997 147
1675757358003 0.013452356036921461 148
1675757360920 0.01456916155501786 149
1675757363736 0.014326706589855768 150
1675757366617 0.011406173344119272 151
1675757369338 0.009720700487406576 152
1675757372184 0.011034368897849178 153
1675757375023 0.011330166675076858 154
1675757377900 0.01081655191224826 155
1675757380836 0.012283927684780115 156
1675757383697 0.010150988374455468 157
1675757386548 0.011659099166102844 158
1675757389411 0.012468860101649944 159
1675757392305 0.015123720937453027 160
1675757395048 0.014019116803099314 161
1675757397948 0.013581601236010574 162
1675757400892 0.012851440775111123 163
1675757403773 0.014336422177842386 164
1675757406638 0.01098915488946318 165
1675757409499 0.012995570754146762 166
1675757412421 0.013516162120774715 167
1675757415248 0.012582947403237248 168
1675757418020 0.012381951385398155 169
1675757420938 0.0146019376069567 170
1675757423804 0.013019945083677173 171
1675757426653 0.01196327357601625 172
1675757429559 0.01187920289716727 173
1675757432507 0.015594399949798705 174
1675757435334 0.014003598432942157 175
1675757438193 0.013590801219490013 176
1675757441098 0.014899879901584112 177
1675757443861 0.016401830882701758 178
1675757446681 0.013583375291368386 179
1675757449562 0.015359081928124796 180
1675757452583 0.012576784371849253 181
1675757455419 0.015989758257008487 182
1675757458253 0.01389892243400515 183
1675757461239 0.014370618522499141 184
1675757464036 0.014414821739926779 185
1675757466734 0.01605302414164206 186
1675757469571 0.013082314083497616 187
1675757472574 0.016531990099954368 188
1675757475481 0.014882681992015898 189
1675757478404 0.015122985521232353 190
1675757481335 0.014927214943134866 191
1675757484202 0.013897139459299221 192
1675757487086 0.014605036035880068 193
1675757489890 0.014952420979011017 194
1675757492760 0.01596316505382742 195
1675757495622 0.014107455177284208 196
1675757498540 0.017473671204476515 197
1675757501531 0.014871883206920752 198
1675757504354 0.016704862262460166 199
1675757507199 0.015440914403880854 200
1675757510191 0.01722877286410274 201
1675757512939 0.016756691958864905 202
1675757515718 0.015750934341645265 203
1675757518581 0.016373837196171488 204
1675757521599 0.014484119486561304 205
1675757524485 0.01902218760996188 206
1675757527315 0.014758910024203237 207
1675757530303 0.015255666672465223 208
1675757533147 0.0155380147990305 209
1675757535935 0.01341224319409223 210
1675757538636 0.01556738556764858 211
1675757541617 0.015421739323212013 212
1675757544504 0.015589034731999105 213
1675757547389 0.015422982786197583 214
1675757550665 0.016233527255278636 215
1675757554129 0.015320412883044766 216
1675757557196 0.014531748036695118 217
1675757560286 0.018311397297578955 218
1675757563362 0.017908994282407067 219
1675757566368 0.01949015959311728 220
1675757569457 0.01866139523832616 221
1675757572636 0.015841527228104075 222
1675757575789 0.017328842838386548 223
1675757578914 0.012080445086662605 224
1675757582044 0.015927033077836952 225
1675757585157 0.016757560575031118 226
1675757588304 0.014039757544728084 227
1675757591393 0.020228148307518925 228
1675757594571 0.016728574613787142 229
1675757597685 0.018552583207157077 230
1675757600798 0.017618625433143686 231
1675757603948 0.017371413098520427 232
1675757607046 0.019534305911819747 233
1675757610131 0.020244778180673956 234
1675757613263 0.01985332982174592 235
1675757616453 0.01881694522165159 236
1675757619545 0.020797100478737125 237
1675757622623 0.016955608450282784 238
1675757625731 0.0165597124118683 239
1675757628855 0.014664840857129857 240
1675757631964 0.01704210844531937 241
1675757635096 0.01810285325606418 242
1675757638264 0.017084499799690043 243
1675757641382 0.01775150944591491 244
1675757644505 0.0194189427976866 245
1675757647571 0.017881097248000837 246
1675757650665 0.016627336662649476 247
1675757653765 0.016850454269925354 248
1675757656914 0.01839060019264529 249
1675757660073 0.019864095251046005 250
1675757663168 0.020580941129182205 251
1675757666269 0.018159477037281452 252
1675757669372 0.01698066829361422 253
1675757672518 0.016107343240919246 254
1675757675621 0.016522860279693727 255
1675757678764 0.01962099397301873 256
1675757681899 0.017217380960929996 257
1675757685043 0.021505727188242587 258
1675757688162 0.019292845401098227 259
1675757691274 0.01960789338370865 260
1675757694393 0.020312816326556342 261
1675757697751 0.020312816326556342 262
1675757700882 0.01928616144163374 263
1675757703715 0.02154318081368659 264
1675757706468 0.020376655345054437 265
1675757709341 0.02027802943210909 266
1675757712255 0.022766223577592844 267
1675757715165 0.020524437742742947 268
1675757718104 0.02077987446805186 269
1675757721170 0.01946297564107239 270
1675757724227 0.02340067743305497 271
1675757727294 0.023378893661271195 272
1675757730103 0.02143200981542204 273
1675757732908 0.021421690329722895 274
1675757735770 0.021339765086507333 275
1675757738699 0.02103718435381907 276
1675757741591 0.02255519122991075 277
1675757744526 0.02192027059499012 278
1675757747503 0.019810281818334677 279
1675757750428 0.017161847019362242 280
1675757753347 0.01800671377617868 281
1675757756339 0.017352473030474526 282
1675757759283 0.022218793938588898 283
1675757762213 0.02291323838303334 284
1675757765084 0.021383384374815843 285
1675757768058 0.021455021186436204 286
1675757771309 0.023364515637267637 287
1675757774303 0.022548107831612523 288
1675757777248 0.02255577413780028 289
