1675756908027 198.85372924804688 0
1675756910970 196.7929229736328 1
1675756913910 194.7667999267578 2
1675756919768 192.7654571533203 3
1675756922881 190.778076171875 4
1675756925932 188.80316162109375 5
1675756928972 186.85610961914062 6
1675756931996 184.93548583984375 7
1675756934893 183.03579711914062 8
1675756937884 181.17254638671875 9
1675756940729 179.32583618164062 10
1675756943701 177.50650024414062 11
1675756946681 175.6949005126953 12
1675756949820 173.93377685546875 13
1675756952824 172.17689514160156 14
1675756955796 170.4434051513672 15
1675756958749 168.72799682617188 16
1675756961966 167.04440307617188 17
1675756965269 165.37466430664062 18
1675756968648 163.7310028076172 19
1675756971889 162.1010284423828 20
1675756975116 160.4944610595703 21
1675756978366 158.91607666015625 22
1675756981683 157.35543823242188 23
1675756985186 155.80865478515625 24
1675756988396 154.28855895996094 25
1675756991688 152.78741455078125 26
1675756995089 151.30718994140625 27
1675756998588 149.8495330810547 28
1675757001889 148.40957641601562 29
1675757005063 146.98211669921875 30
1675757008162 145.57359313964844 31
1675757011220 144.19305419921875 32
1675757014468 142.82882690429688 33
1675757017702 141.47682189941406 34
1675757020880 140.14913940429688 35
1675757024093 138.83743286132812 36
1675757027214 137.5482177734375 37
1675757030345 136.26272583007812 38
1675757033504 135.01010131835938 39
1675757036686 133.7682342529297 40
1675757039934 132.54483032226562 41
1675757043193 131.33334350585938 42
1675757046330 130.13507080078125 43
1675757049393 128.95928955078125 44
1675757052489 127.80274963378906 45
1675757055611 126.65515899658203 46
1675757058918 125.5273208618164 47
1675757061958 124.41143035888672 48
1675757065178 123.31185150146484 49
1675757068431 122.22734832763672 50
1675757071629 121.16708374023438 51
1675757074913 120.11071014404297 52
1675757078159 119.06562042236328 53
1675757081361 118.03829956054688 54
1675757084531 117.02827453613281 55
1675757087592 116.02751922607422 56
1675757090739 115.0399169921875 57
1675757093836 114.07317352294922 58
1675757096875 113.11579895019531 59
1675757100095 112.16820526123047 60
1675757103026 111.23994445800781 61
1675757105845 110.31761932373047 62
1675757108811 109.40914154052734 63
1675757111848 108.5123519897461 64
1675757114842 107.6296157836914 65
1675757117824 106.76115417480469 66
1675757120782 105.9060287475586 67
1675757123687 105.0517578125 68
1675757126552 104.21724700927734 69
1675757129503 103.38716125488281 70
1675757132511 102.57464599609375 71
1675757135540 101.777099609375 72
1675757138605 100.9858627319336 73
1675757141820 100.2108383178711 74
1675757145035 99.43431091308594 75
1675757148163 98.67296600341797 76
1675757151250 97.92279052734375 77
1675757154301 97.18112182617188 78
1675757157178 96.45494079589844 79
1675757160080 95.73066711425781 80
1675757162990 95.02320098876953 81
1675757165904 94.32293701171875 82
1675757168896 93.63337707519531 83
1675757171830 92.95159912109375 84
1675757174824 92.27792358398438 85
1675757177764 91.61320495605469 86
1675757180708 90.95630645751953 87
1675757183686 90.31039428710938 88
1675757186618 89.67298889160156 89
1675757189523 89.04496002197266 90
1675757192395 88.42488861083984 91
1675757195405 87.81367492675781 92
1675757198282 87.20811462402344 93
1675757201250 86.61089324951172 94
1675757204185 86.02114868164062 95
1675757207130 85.43978118896484 96
1675757210094 84.86998748779297 97
1675757212968 84.30518341064453 98
1675757216016 83.74494171142578 99
1675757219355 83.1937484741211 100
1675757222725 82.64928436279297 101
1675757225855 82.11140441894531 102
1675757229061 81.58409118652344 103
1675757232219 81.06022644042969 104
1675757235308 80.5464859008789 105
1675757238405 80.0375747680664 106
1675757241516 79.53398895263672 107
1675757244719 79.03927612304688 108
1675757247883 78.55158996582031 109
1675757251059 78.06858825683594 110
1675757253896 77.59176635742188 111
1675757256728 77.12086486816406 112
1675757259593 76.65596771240234 113
1675757262495 76.19761657714844 114
1675757265321 75.74508666992188 115
1675757268122 75.29940795898438 116
1675757270990 74.85670471191406 117
1675757273705 74.42257690429688 118
1675757276387 73.99286651611328 119
1675757279066 73.56700897216797 120
1675757281940 73.14567565917969 121
1675757284613 72.73370361328125 122
1675757287287 72.32460021972656 123
1675757290037 71.92182922363281 124
1675757292797 71.52780151367188 125
1675757295453 71.13313293457031 126
1675757298129 70.74475860595703 127
1675757300912 70.36156463623047 128
1675757303764 69.98556518554688 129
1675757306554 69.60928344726562 130
1675757309366 69.24040222167969 131
1675757312279 68.87547302246094 132
1675757315138 68.51414489746094 133
1675757317962 68.16064453125 134
1675757320821 67.81069946289062 135
1675757323614 67.46189880371094 136
1675757326450 67.11906433105469 137
1675757329304 66.77965545654297 138
1675757332241 66.44805908203125 139
1675757335159 66.12046813964844 140
1675757337975 65.79571533203125 141
1675757340895 65.47390747070312 142
1675757343743 65.1575698852539 143
1675757346508 64.8450927734375 144
1675757349294 64.53508758544922 145
1675757352220 64.22686767578125 146
1675757355110 63.92610168457031 147
1675757358000 63.62859344482422 148
1675757360917 63.333919525146484 149
1675757363733 63.04278564453125 150
1675757366614 62.75337219238281 151
1675757369335 62.46943283081055 152
1675757372181 62.18804931640625 153
1675757375020 61.911102294921875 154
1675757377898 61.636566162109375 155
1675757380833 61.368568420410156 156
1675757383694 61.101165771484375 157
1675757386546 60.837528228759766 158
1675757389408 60.576412200927734 159
1675757392303 60.317474365234375 160
1675757395045 60.06233596801758 161
1675757397946 59.81000518798828 162
1675757400889 59.56236267089844 163
1675757403770 59.317562103271484 164
1675757406634 59.0760612487793 165
1675757409497 58.836063385009766 166
1675757412417 58.598419189453125 167
1675757415246 58.36280059814453 168
1675757418017 58.13127899169922 169
1675757420935 57.904850006103516 170
1675757423802 57.6786003112793 171
1675757426651 57.455204010009766 172
1675757429557 57.2370719909668 173
1675757432505 57.01776123046875 174
1675757435331 56.8009033203125 175
1675757438190 56.58671569824219 176
1675757441095 56.377220153808594 177
1675757443859 56.17108917236328 178
1675757446677 55.966102600097656 179
1675757449559 55.76344299316406 180
1675757452580 55.56353759765625 181
1675757455416 55.364234924316406 182
1675757458251 55.16801071166992 183
1675757461236 54.972660064697266 184
1675757464033 54.78282928466797 185
1675757466731 54.59308624267578 186
1675757469568 54.407283782958984 187
1675757472571 54.223228454589844 188
1675757475478 54.03938293457031 189
1675757478402 53.85848617553711 190
1675757481331 53.680118560791016 191
1675757484200 53.50245666503906 192
1675757487082 53.327674865722656 193
1675757489887 53.15594482421875 194
1675757492758 52.98506546020508 195
1675757495618 52.8167839050293 196
1675757498537 52.650123596191406 197
1675757501527 52.48634719848633 198
1675757504352 52.322723388671875 199
1675757507196 52.16183090209961 200
1675757510187 52.00298309326172 201
1675757512936 51.84730529785156 202
1675757515715 51.69095993041992 203
1675757518578 51.536842346191406 204
1675757521595 51.38352584838867 205
1675757524483 51.23450469970703 206
1675757527312 51.085750579833984 207
1675757530301 50.93850326538086 208
1675757533144 50.79402542114258 209
1675757535933 50.65079116821289 210
1675757538634 50.5076904296875 211
1675757541614 50.36668395996094 212
1675757544501 50.227943420410156 213
1675757547385 50.09107208251953 214
1675757550662 49.95570373535156 215
1675757554127 49.82188415527344 216
1675757557193 49.689170837402344 217
1675757560283 49.55799102783203 218
1675757563359 49.42805480957031 219
1675757566364 49.29997253417969 220
1675757569455 49.172489166259766 221
1675757572633 49.04695129394531 222
1675757575786 48.923580169677734 223
1675757578912 48.80077362060547 224
1675757582041 48.67918395996094 225
1675757585154 48.55971145629883 226
1675757588301 48.440826416015625 227
1675757591390 48.32415008544922 228
1675757594569 48.208404541015625 229
1675757597682 48.093284606933594 230
1675757600795 47.980133056640625 231
1675757603945 47.86763381958008 232
1675757607042 47.756011962890625 233
1675757610128 47.64598846435547 234
1675757613260 47.53838348388672 235
1675757616450 47.431236267089844 236
1675757619542 47.3242301940918 237
1675757622620 47.21968460083008 238
1675757625728 47.115570068359375 239
1675757628853 47.011962890625 240
1675757631962 46.91162109375 241
1675757635093 46.81040954589844 242
1675757638262 46.71144104003906 243
1675757641380 46.61321258544922 244
1675757644502 46.516483306884766 245
1675757647569 46.42020797729492 246
1675757650663 46.32484436035156 247
1675757653763 46.23115539550781 248
1675757656911 46.13847351074219 249
1675757660070 46.04661560058594 250
1675757663165 45.95574951171875 251
1675757666266 45.8647575378418 252
1675757669369 45.776153564453125 253
1675757672515 45.68768310546875 254
1675757675618 45.600982666015625 255
1675757678762 45.51445770263672 256
1675757681896 45.429298400878906 257
1675757685040 45.344810485839844 258
1675757688159 45.2615966796875 259
1675757691272 45.17967224121094 260
1675757694390 45.09831619262695 261
1675757697748 45.01724624633789 262
1675757700879 44.937652587890625 263
1675757703713 44.85913848876953 264
1675757706465 44.781166076660156 265
1675757709338 44.70368194580078 266
1675757712251 44.62823486328125 267
1675757715163 44.55244827270508 268
1675757718101 44.47767639160156 269
1675757721167 44.40399932861328 270
1675757724224 44.33049011230469 271
1675757727291 44.258323669433594 272
1675757730101 44.18608856201172 273
1675757732906 44.11528015136719 274
1675757735767 44.04561233520508 275
1675757738695 43.976661682128906 276
1675757741588 43.90782928466797 277
1675757744524 43.84050750732422 278
1675757747500 43.7734375 279
1675757750425 43.706695556640625 280
1675757753344 43.64073944091797 281
1675757756335 43.5760383605957 282
1675757759281 43.511390686035156 283
1675757762211 43.44800567626953 284
1675757765081 43.3852653503418 285
1675757768055 43.32349395751953 286
1675757771307 43.26222610473633 287
1675757774300 43.20178985595703 288
1675757777245 43.141441345214844 289
