1675756908032 0.003512777496517334 0
1675756910975 0.003512777496517334 1
1675756913916 0.003512777496517334 2
1675756919775 0.003512777496517334 3
1675756922887 0.003512777496517334 4
1675756925937 0.003512777496517334 5
1675756928978 0.003512777496517334 6
1675756932001 0.003512777496517334 7
1675756934900 0.003512777496517334 8
1675756937891 0.003512777496517334 9
1675756940734 0.003512777496517334 10
1675756943708 0.003512777496517334 11
1675756946687 0.003512777496517334 12
1675756949826 0.003512777496517334 13
1675756952829 0.003512777496517334 14
1675756955803 0.003512777496517334 15
1675756958756 0.003512777496517334 16
1675756961973 0.003512777496517334 17
1675756965277 0.003512777496517334 18
1675756968654 0.003512777496517334 19
1675756971894 0.003512777496517334 20
1675756975123 0.003512777496517334 21
1675756978372 0.003512777496517334 22
1675756981688 0.003512777496517334 23
1675756985191 0.003512777496517334 24
1675756988402 0.003512777496517334 25
1675756991693 0.003512777496517334 26
1675756995095 0.003512777496517334 27
1675756998594 0.003512777496517334 28
1675757001895 0.003512777496517334 29
1675757005070 0.003512777496517334 30
1675757008168 0.003512777496517334 31
1675757011226 0.003512777496517334 32
1675757014474 0.003512777496517334 33
1675757017708 0.003512777496517334 34
1675757020887 0.003512777496517334 35
1675757024099 0.003512777496517334 36
1675757027220 0.003512777496517334 37
1675757030350 0.003512777496517334 38
1675757033509 0.003512777496517334 39
1675757036692 0.003512777496517334 40
1675757039940 0.003512777496517334 41
1675757043198 0.003512777496517334 42
1675757046337 0.003512777496517334 43
1675757049398 0.003512777496517334 44
1675757052493 0.003512777496517334 45
1675757055617 0.003512777496517334 46
1675757058923 0.003512777496517334 47
1675757061964 0.003512777496517334 48
1675757065184 0.003512777496517334 49
1675757068437 0.003512777496517334 50
1675757071635 0.003512777496517334 51
1675757074919 0.003512777496517334 52
1675757078165 0.003512777496517334 53
1675757081367 0.003512777496517334 54
1675757084538 0.003512777496517334 55
1675757087598 0.003512777496517334 56
1675757090744 0.003512777496517334 57
1675757093841 0.003512777496517334 58
1675757096881 0.003512777496517334 59
1675757100101 0.003512777496517334 60
1675757103032 0.003512777496517334 61
1675757105849 0.003512777496517334 62
1675757108816 0.003512777496517334 63
1675757111853 0.003512777496517334 64
1675757114846 0.003512777496517334 65
1675757117831 0.003512777496517334 66
1675757120788 0.003512777496517334 67
1675757123692 0.003512777496517334 68
1675757126558 0.003512777496517334 69
1675757129507 0.003512777496517334 70
1675757132517 0.003512777496517334 71
1675757135545 0.003512777496517334 72
1675757138612 0.003512777496517334 73
1675757141827 0.003512777496517334 74
1675757145041 0.003512777496517334 75
1675757148169 0.003512777496517334 76
1675757151255 0.003512777496517334 77
1675757154306 0.003512777496517334 78
1675757157184 0.003512777496517334 79
1675757160085 0.003512777496517334 80
1675757162994 0.003512777496517334 81
1675757165910 0.003512777496517334 82
1675757168900 0.003512777496517334 83
1675757171834 0.003512777496517334 84
1675757174830 0.003512777496517334 85
1675757177771 0.003512777496517334 86
1675757180713 0.003512777496517334 87
1675757183692 0.003512777496517334 88
1675757186624 0.003512777496517334 89
1675757189529 0.003512777496517334 90
1675757192399 0.003512777496517334 91
1675757195410 0.003512777496517334 92
1675757198288 0.003512777496517334 93
1675757201255 0.003512777496517334 94
1675757204191 0.003512777496517334 95
1675757207136 0.003512777496517334 96
1675757210099 0.003512777496517334 97
1675757212974 0.003512777496517334 98
1675757216023 0.003512777496517334 99
1675757219360 0.003512777496517334 100
1675757222734 0.003512777496517334 101
1675757225860 0.003512777496517334 102
1675757229068 0.003512777496517334 103
1675757232225 0.003512777496517334 104
1675757235314 0.003512777496517334 105
1675757238410 0.003512777496517334 106
1675757241522 0.003512777496517334 107
1675757244725 0.003512777496517334 108
1675757247891 0.003512777496517334 109
1675757251064 0.003512777496517334 110
1675757253900 0.003512777496517334 111
1675757256734 0.003512777496517334 112
1675757259597 0.003512777496517334 113
1675757262499 0.003512777496517334 114
1675757265327 0.003512777496517334 115
1675757268128 0.003512777496517334 116
1675757270995 0.003512777496517334 117
1675757273710 0.003512777496517334 118
1675757276392 0.003512777496517334 119
1675757279071 0.003512777496517334 120
1675757281946 0.003512777496517334 121
1675757284618 0.003512777496517334 122
1675757287292 0.003512777496517334 123
1675757290043 0.003512777496517334 124
1675757292801 0.003512777496517334 125
1675757295458 0.003512777496517334 126
1675757298134 0.003512777496517334 127
1675757300918 0.003512777496517334 128
1675757303769 0.003512777496517334 129
1675757306559 0.003512777496517334 130
1675757309372 0.003512777496517334 131
1675757312284 0.003512777496517334 132
1675757315144 0.003512777496517334 133
1675757317968 0.003512777496517334 134
1675757320827 0.003512777496517334 135
1675757323621 0.003512777496517334 136
1675757326456 0.003512777496517334 137
1675757329309 0.003512777496517334 138
1675757332246 0.003512777496517334 139
1675757335164 0.003512777496517334 140
1675757337981 0.003512777496517334 141
1675757340900 0.003512777496517334 142
1675757343747 0.003512777496517334 143
1675757346513 0.003512777496517334 144
1675757349299 0.003512777496517334 145
1675757352225 0.003512777496517334 146
1675757355116 0.003512777496517334 147
1675757358005 0.003512777496517334 148
1675757360922 0.003512777496517334 149
1675757363739 0.003512777496517334 150
1675757366620 0.003512777496517334 151
1675757369341 0.003512777496517334 152
1675757372187 0.003512777496517334 153
1675757375026 0.003512777496517334 154
1675757377902 0.003512777496517334 155
1675757380839 0.003512777496517334 156
1675757383699 0.003512777496517334 157
1675757386550 0.003512777496517334 158
1675757389414 0.003512777496517334 159
1675757392307 0.003512777496517334 160
1675757395050 0.003512777496517334 161
1675757397950 0.003512777496517334 162
1675757400895 0.003512777496517334 163
1675757403776 0.003512777496517334 164
1675757406641 0.003512777496517334 165
1675757409501 0.003512777496517334 166
1675757412424 0.003512777496517334 167
1675757415250 0.003512777496517334 168
1675757418023 0.003512777496517334 169
1675757420941 0.003512777496517334 170
1675757423806 0.003512777496517334 171
1675757426655 0.003512777496517334 172
1675757429562 0.003512777496517334 173
1675757432510 0.003512777496517334 174
1675757435338 0.003512777496517334 175
1675757438195 0.003512777496517334 176
1675757441100 0.003512777496517334 177
1675757443863 0.003512777496517334 178
1675757446683 0.003512777496517334 179
1675757449564 0.003512777496517334 180
1675757452586 0.003512777496517334 181
1675757455422 0.003512777496517334 182
1675757458255 0.003512777496517334 183
1675757461242 0.003512777496517334 184
1675757464038 0.003512777496517334 185
1675757466737 0.003512777496517334 186
1675757469574 0.003512777496517334 187
1675757472576 0.003512777496517334 188
1675757475484 0.003512777496517334 189
1675757478406 0.003512777496517334 190
1675757481337 0.003512777496517334 191
1675757484204 0.003512777496517334 192
1675757487088 0.003512777496517334 193
1675757489893 0.003512777496517334 194
1675757492763 0.003512777496517334 195
1675757495625 0.003512777496517334 196
1675757498543 0.003512777496517334 197
1675757501534 0.003512777496517334 198
1675757504356 0.003512777496517334 199
1675757507201 0.003512777496517334 200
1675757510194 0.003512777496517334 201
1675757512941 0.003512777496517334 202
1675757515720 0.003512777496517334 203
1675757518584 0.003512777496517334 204
1675757521601 0.003512777496517334 205
1675757524488 0.003512777496517334 206
1675757527318 0.003512777496517334 207
1675757530305 0.003512777496517334 208
1675757533150 0.003512777496517334 209
1675757535938 0.003512777496517334 210
1675757538639 0.003512777496517334 211
1675757541620 0.003512777496517334 212
1675757544506 0.003512777496517334 213
1675757547392 0.003512777496517334 214
1675757550669 0.003512777496517334 215
1675757554132 0.003512777496517334 216
1675757557200 0.003512777496517334 217
1675757560289 0.003512777496517334 218
1675757563364 0.003512777496517334 219
1675757566370 0.003512777496517334 220
1675757569460 0.003512777496517334 221
1675757572638 0.003512777496517334 222
1675757575792 0.003512777496517334 223
1675757578917 0.003512777496517334 224
1675757582047 0.003512777496517334 225
1675757585159 0.003512777496517334 226
1675757588306 0.003512777496517334 227
1675757591395 0.003512777496517334 228
1675757594574 0.003512777496517334 229
1675757597688 0.003512777496517334 230
1675757600801 0.003512777496517334 231
1675757603951 0.003512777496517334 232
1675757607048 0.003512777496517334 233
1675757610134 0.003512777496517334 234
1675757613266 0.003512777496517334 235
1675757616455 0.003512777496517334 236
1675757619547 0.003512777496517334 237
1675757622626 0.003512777496517334 238
1675757625735 0.003512777496517334 239
1675757628857 0.003512777496517334 240
1675757631967 0.003512777496517334 241
1675757635099 0.003512777496517334 242
1675757638266 0.003512777496517334 243
1675757641386 0.003512777496517334 244
1675757644507 0.003512777496517334 245
1675757647574 0.003512777496517334 246
1675757650668 0.003512777496517334 247
1675757653768 0.003512777496517334 248
1675757656917 0.003512777496517334 249
1675757660075 0.003512777496517334 250
1675757663171 0.003512777496517334 251
1675757666272 0.003512777496517334 252
1675757669375 0.003512777496517334 253
1675757672520 0.003512777496517334 254
1675757675623 0.003512777496517334 255
1675757678767 0.003512777496517334 256
1675757681902 0.003512777496517334 257
1675757685046 0.003512777496517334 258
1675757688164 0.003512777496517334 259
1675757691277 0.003512777496517334 260
1675757694396 0.003512777496517334 261
1675757697754 0.003512777496517334 262
1675757700884 0.003512777496517334 263
1675757703717 0.003512777496517334 264
1675757706470 0.003512777496517334 265
1675757709343 0.003512777496517334 266
1675757712257 0.003512777496517334 267
1675757715167 0.003512777496517334 268
1675757718107 0.003512777496517334 269
1675757721173 0.003512777496517334 270
1675757724230 0.003512777496517334 271
1675757727297 0.003512777496517334 272
1675757730106 0.003512777496517334 273
1675757732910 0.003512777496517334 274
1675757735773 0.003512777496517334 275
1675757738702 0.003512777496517334 276
1675757741594 0.003512777496517334 277
1675757744529 0.003512777496517334 278
1675757747506 0.003512777496517334 279
1675757750430 0.003512777496517334 280
1675757753350 0.003512777496517334 281
1675757756341 0.003512777496517334 282
1675757759286 0.003512777496517334 283
1675757762215 0.003512777496517334 284
1675757765087 0.003512777496517334 285
1675757768060 0.003512777496517334 286
1675757771311 0.003512777496517334 287
1675757774306 0.003512777496517334 288
1675757777250 0.003512777496517334 289
