1673436532774 3.1111111640930176 0
1673436548887 3.1459693908691406 1
1673436564785 3.098039150238037 2
1673436580879 3.0065360069274902 3
1673436596845 2.7690632343292236 4
1673436612543 2.4618735313415527 5
1673436632676 2.470588207244873 6
1673436649805 2.224400758743286 7
1673436665197 1.7559913396835327 8
1673436682723 1.2287582159042358 9
1673436698512 1.015250563621521 10
1673436713771 0.9084967374801636 11
1673436729215 1.058823585510254 12
1673436744802 1.1612200736999512 13
1673436760856 0.8714597225189209 14
