1673436532773 0.6892020106315613 0
1673436548885 0.6825887560844421 1
1673436564784 0.6737555861473083 2
1673436580877 0.6629371643066406 3
1673436596843 0.648405134677887 4
1673436612541 0.6280149817466736 5
1673436632675 0.5996841192245483 6
1673436649804 0.5537628531455994 7
1673436665196 0.5003445148468018 8
1673436682722 0.44850581884384155 9
1673436698510 0.41161850094795227 10
1673436713770 0.42324620485305786 11
1673436729214 0.39642223715782166 12
1673436744801 0.39881858229637146 13
1673436760855 0.37442976236343384 14
