1673437174073 0.7127642631530762 0
1673437191426 0.6828973889350891 1
1673437208948 0.671055793762207 2
1673437226220 0.6500312089920044 3
1673437243148 0.6285349130630493 4
1673437259922 0.6022552847862244 5
1673437276827 0.5836389660835266 6
1673437293713 0.5412014722824097 7
1673437311151 0.5127881169319153 8
1673437328134 0.4859030544757843 9
1673437345214 0.4696502387523651 10
1673437361936 0.44603973627090454 11
1673437378718 0.4189837872982025 12
1673437395680 0.39942705631256104 13
1673437413348 0.4010498523712158 14
