1673434926668 0.6858803033828735 0
1673434945835 0.6713107824325562 1
1673434964654 0.6449226140975952 2
1673434982883 0.6219801902770996 3
1673435001064 0.6085295677185059 4
1673435018873 0.5998125076293945 5
1673435036765 0.5942312479019165 6
1673435054951 0.5942747592926025 7
1673435073268 0.5941727161407471 8
1673435090570 0.5943700075149536 9
1673435107997 0.5933077931404114 10
1673435125181 0.595642626285553 11
1673435143554 0.595611572265625 12
1673435161562 0.5930768847465515 13
1673435179887 0.5933808088302612 14
