1673434634094 0.6806492805480957 0
1673434653058 0.6569570899009705 1
1673434671436 0.6123337745666504 2
1673434689297 0.5194185972213745 3
1673434707105 0.4130958914756775 4
1673434725023 0.3610168993473053 5
1673434742856 0.35509759187698364 6
1673434760918 0.348979115486145 7
1673434778131 0.3512355089187622 8
1673434795313 0.3553750514984131 9
1673434812715 0.3489497900009155 10
1673434830042 0.3432399034500122 11
1673434847137 0.34696704149246216 12
1673434864207 0.3493945598602295 13
1673434881329 0.3511813282966614 14
