1673435597747 0.6922361850738525 0
1673435616252 0.6844250559806824 1
1673435634366 0.6534576416015625 2
1673435652227 0.6251160502433777 3
1673435669969 0.5764410495758057 4
1673435687827 0.4942377209663391 5
1673435705574 0.3893708288669586 6
1673435723529 0.36846449971199036 7
1673435741265 0.4054732918739319 8
1673435758771 0.30917084217071533 9
1673435776559 0.2747999131679535 10
1673435794264 0.26046064496040344 11
1673435811851 0.25339946150779724 12
1673435829474 0.24871256947517395 13
1673435847099 0.24927084147930145 14
