1675250102622 0.009631797893798309 0
1675250107396 0.030946019544166977 1
1675250111759 0.03643879343130714 2
1675250116127 0.0346691820246192 3
1675250120782 0.045016481822170884 4
1675250125654 0.047052915070160094 5
1675250130502 0.03179911695493218 6
1675250134846 0.043268829167818004 7
1675250139236 0.03629057809800319 8
1675250143409 0.03983976549800349 9
1675250147583 0.036981286311503034 10
1675250151775 0.042741300482427996 11
1675250156264 0.04513233022412662 12
1675250160855 0.03934354360610771 13
1675250165295 0.04091501928421772 14
1675250169954 0.04168470275916361 15
1675250174476 0.04345717055797223 16
1675250178747 0.04091809447837363 17
