1675250102617 70.7587890625 0
1675250107393 33.04550552368164 1
1675250111756 27.859161376953125 2
1675250116123 26.43775177001953 3
1675250120778 26.327163696289062 4
1675250125650 26.330400466918945 5
1675250130500 26.04355812072754 6
1675250134842 25.364805221557617 7
1675250139233 25.413612365722656 8
1675250143407 25.452241897583008 9
1675250147579 25.19608497619629 10
1675250151772 25.130882263183594 11
1675250156261 25.42112159729004 12
1675250160852 25.083890914916992 13
1675250165292 25.146652221679688 14
1675250169951 25.188955307006836 15
1675250174472 25.343530654907227 16
1675250178744 25.074899673461914 17
