1675250102627 0.005193465847973403 0
1675250107399 0.005193465847973403 1
1675250111761 0.005193465847973403 2
1675250116131 0.005193465847973403 3
1675250120785 0.005193465847973403 4
1675250125658 0.005193465847973403 5
1675250130504 0.005193465847973403 6
1675250134849 0.005193465847973403 7
1675250139239 0.005193465847973403 8
1675250143412 0.005193465847973403 9
1675250147585 0.005193465847973403 10
1675250151778 0.005193465847973403 11
1675250156266 0.005193465847973403 12
1675250160857 0.005193465847973403 13
1675250165299 0.005193465847973403 14
1675250169957 0.005193465847973403 15
1675250174479 0.005193465847973403 16
1675250178750 0.005193465847973403 17
