1675754803491 0.003415097398837237 0
1675754806807 0.003741194066397319 1
1675754810014 0.0034256079861234028 2
1675754813125 0.004200684976877644 3
1675754816650 0.00298868409008001 4
1675754819887 0.00304879703253687 5
1675754823024 0.0029077035581100623 6
1675754826054 0.003640304290710795 7
1675754829065 0.001756388748258667 8
1675754832136 0.002722453698063454 9
1675754835146 0.005951349991032074 10
1675754838165 0.004885382779231529 11
1675754841120 0.004885897236579011 12
1675754844130 0.0053739794876065386 13
1675754847141 0.003989905091301011 14
1675754850185 0.004015471384699794 15
1675754853268 0.005251683145531896 16
1675754856259 0.005467316568712488 17
1675754859268 0.005477673570939409 18
1675754862260 0.004338568773298026 19
1675754865266 0.003358097992558377 20
1675754868291 0.005000699561214977 21
1675754871351 0.004652035879217962 22
1675754874450 0.004687900497701769 23
1675754877449 0.006026913721345382 24
1675754880487 0.0043022310984709355 25
1675754883446 0.0061595670656469466 26
1675754886496 0.008016062056058182 27
1675754889505 0.00582960437417367 28
1675754892553 0.004848651900565115 29
