1675754803489 131.31170654296875 0
1675754806802 128.71990966796875 1
1675754810011 126.1740951538086 2
1675754813121 123.68010711669922 3
1675754816647 121.2381591796875 4
1675754819884 118.8899154663086 5
1675754823021 116.5783920288086 6
1675754826051 114.3197021484375 7
1675754829063 112.10308837890625 8
1675754832132 109.9380874633789 9
1675754835143 107.85202026367188 10
1675754838162 105.82013702392578 11
1675754841117 103.8270263671875 12
1675754844127 101.89462280273438 13
1675754847138 100.0108413696289 14
1675754850182 98.13720703125 15
1675754853265 96.3432846069336 16
1675754856255 94.6003646850586 17
1675754859266 92.8928451538086 18
1675754862257 91.24288940429688 19
1675754865263 89.61971282958984 20
1675754868288 88.03125762939453 21
1675754871347 86.50872802734375 22
1675754874447 85.00193786621094 23
1675754877446 83.55524444580078 24
1675754880484 82.12590789794922 25
1675754883444 80.74462127685547 26
1675754886492 79.39997100830078 27
1675754889500 78.08625793457031 28
1675754892550 76.81706237792969 29
