1675754803494 0.003512777496517334 0
1675754806809 0.003512777496517334 1
1675754810016 0.003512777496517334 2
1675754813129 0.003512777496517334 3
1675754816654 0.003512777496517334 4
1675754819889 0.003512777496517334 5
1675754823026 0.003512777496517334 6
1675754826057 0.003512777496517334 7
1675754829068 0.003512777496517334 8
1675754832139 0.003512777496517334 9
1675754835149 0.003512777496517334 10
1675754838167 0.003512777496517334 11
1675754841122 0.003512777496517334 12
1675754844133 0.003512777496517334 13
1675754847143 0.003512777496517334 14
1675754850188 0.003512777496517334 15
1675754853270 0.003512777496517334 16
1675754856261 0.003512777496517334 17
1675754859271 0.003512777496517334 18
1675754862263 0.003512777496517334 19
1675754865268 0.003512777496517334 20
1675754868293 0.003512777496517334 21
1675754871354 0.003512777496517334 22
1675754874453 0.003512777496517334 23
1675754877452 0.003512777496517334 24
1675754880490 0.003512777496517334 25
1675754883450 0.003512777496517334 26
1675754886499 0.003512777496517334 27
1675754889507 0.003512777496517334 28
1675754892555 0.003512777496517334 29
