1675848603904 0.06780220063356301 0
1675848640261 0.06624280171096592 1
1675848677857 0.06624280171096592 2
1675848716115 0.06624280171096592 3
1675848752853 0.06420450599896421 4
1675848788192 0.06654705359384894 5
1675848822762 0.06436100038599582 6
1675848860262 0.06506045923325757 7
1675848892166 0.06506045923325757 8
1675848926796 0.06604853465024402 9
1675848961462 0.06526883518894547 10
1675848996660 0.06574812835295453 11
1675849028875 0.06633158102888068 12
1675849065888 0.06465128462936132 13
1675849101794 0.06507657524461506 14
1675849138660 0.06458040286015235 15
1675849174684 0.06484071731635031 16
1675849212723 0.06532897295058276 17
1675849250956 0.0657894641013414 18
1675849288648 0.06432497970954103 19
1675849328338 0.06543966404998629 20
1675849366812 0.06613835968815189 21
1675849402005 0.06386861665527288 22
1675849441119 0.06420835158455776 23
1675849480078 0.06463440540890766 24
1675849514097 0.06475027032479479 25
1675849549884 0.061710327930893566 26
1675849586568 0.061233777700631174 27
1675849622354 0.06276439381150234 28
1675849659189 0.06243698623983519 29
1675849695831 0.06077074180342809 30
1675849725842 0.059175916766282914 31
1675849758504 0.061084578110182176 32
1675849791972 0.058510979569024624 33
1675849825248 0.05704366791988286 34
1675849859773 0.05566570061044976 35
1675849897083 0.056060964506682236 36
1675849931593 0.05590673235519811 37
1675849965503 0.05353695790689253 38
1675849999546 0.05196101920659248 39
1675850031226 0.050290844860997136 40
1675850064046 0.047585746090794134 41
1675850098074 0.0455420783750066 42
1675850131769 0.04419331764364488 43
1675850170712 0.04293107399465044 44
1675850207599 0.043906482611268456 45
1675850239894 0.045519205197119446 46
1675850273411 0.045415950149746996 47
1675850309873 0.048406781300479554 48
1675850347633 0.046842689259598044 49
1675850385212 0.048884292927140326 50
