1675848603901 0.6928978562355042 0
1675848640258 0.6925994753837585 1
1675848677851 0.6924945116043091 2
1675848716112 0.6923474669456482 3
1675848752848 0.6921866536140442 4
1675848788184 0.691889226436615 5
1675848822757 0.6915299892425537 6
1675848860258 0.6911420226097107 7
1675848892162 0.6907934546470642 8
1675848926792 0.6903284192085266 9
1675848961459 0.6900410652160645 10
1675848996655 0.6893123984336853 11
1675849028871 0.6886242628097534 12
1675849065884 0.687876284122467 13
1675849101790 0.6872047781944275 14
1675849138656 0.6865975260734558 15
1675849174679 0.6858791708946228 16
1675849212720 0.6848188638687134 17
1675849250948 0.6829389929771423 18
1675849288643 0.680799663066864 19
1675849328334 0.6785856485366821 20
1675849366808 0.6759904026985168 21
1675849402000 0.6742362380027771 22
1675849441115 0.6729117035865784 23
1675849480074 0.6711273789405823 24
1675849514093 0.6683281064033508 25
1675849549880 0.6648678183555603 26
1675849586563 0.6603686213493347 27
1675849622349 0.6540745496749878 28
1675849659184 0.6475246548652649 29
1675849695828 0.641180694103241 30
1675849725838 0.6337331533432007 31
1675849758500 0.6246239542961121 32
1675849791968 0.6129511594772339 33
1675849825243 0.6013424396514893 34
1675849859768 0.5896012187004089 35
1675849897079 0.5751277208328247 36
1675849931587 0.563071072101593 37
1675849965498 0.5471256971359253 38
1675849999542 0.528663694858551 39
1675850031222 0.5093404054641724 40
1675850064041 0.49121102690696716 41
1675850098069 0.4780523180961609 42
1675850131764 0.47102779150009155 43
1675850170664 0.4664366543292999 44
1675850207595 0.46446606516838074 45
1675850239891 0.4650596082210541 46
1675850273407 0.475346177816391 47
1675850309870 0.4844161868095398 48
1675850347630 0.49072760343551636 49
1675850385207 0.4922497272491455 50
