1675848603908 0.06752184025681929 0
1675848640264 0.06752184025681929 1
1675848677865 0.06752184025681929 2
1675848716119 0.06752184025681929 3
1675848752858 0.06752184025681929 4
1675848788198 0.06752184025681929 5
1675848822768 0.06752184025681929 6
1675848860266 0.06752184025681929 7
1675848892169 0.06752184025681929 8
1675848926800 0.06752184025681929 9
1675848961465 0.06752184025681929 10
1675848996664 0.06752184025681929 11
1675849028879 0.06752184025681929 12
1675849065891 0.06752184025681929 13
1675849101799 0.06752184025681929 14
1675849138663 0.06752184025681929 15
1675849174689 0.06752184025681929 16
1675849212727 0.06752184025681929 17
1675849250965 0.06752184025681929 18
1675849288653 0.06752184025681929 19
1675849328341 0.06752184025681929 20
1675849366816 0.06752184025681929 21
1675849402009 0.06752184025681929 22
1675849441123 0.06752184025681929 23
1675849480082 0.06752184025681929 24
1675849514103 0.06752184025681929 25
1675849549888 0.06752184025681929 26
1675849586572 0.06752184025681929 27
1675849622359 0.06752184025681929 28
1675849659195 0.06752184025681929 29
1675849695834 0.06752184025681929 30
1675849725846 0.06752184025681929 31
1675849758507 0.06752184025681929 32
1675849791977 0.06752184025681929 33
1675849825252 0.06752184025681929 34
1675849859778 0.06752184025681929 35
1675849897087 0.06752184025681929 36
1675849931597 0.06752184025681929 37
1675849965506 0.06752184025681929 38
1675849999550 0.06752184025681929 39
1675850031229 0.06752184025681929 40
1675850064050 0.06752184025681929 41
1675850098078 0.06752184025681929 42
1675850131773 0.06752184025681929 43
1675850170752 0.06752184025681929 44
1675850207603 0.06752184025681929 45
1675850239898 0.06752184025681929 46
1675850273415 0.06752184025681929 47
1675850309876 0.06752184025681929 48
1675850347637 0.06752184025681929 49
1675850385216 0.06752184025681929 50
